TG, 0003, 2023071600_F000_447N_1254E_FOF, 2023071600, 03, GFSO, 000, 447N, 1254E,  17, 1000, XX,  34, NEQ, 0000, 0000, 0000, 0000, 1006,  339,  146,   -999,  -9999,  -9999, N,  126,   21,  126,  298,  227,  374
TG, 0003, 2023071600_F000_447N_1254E_FOF, 2023071600, 03, GFSO, 006, 452N, 1262E,  14, 1001, XX,  34, NEQ, 0000, 0000, 0000, 0000, 1002,   22,  148,     98,   -137,  -1338, N,   72,   27,  103,  229,  215,  322
TG, 0003, 2023071600_F000_447N_1254E_FOF, 2023071600, 03, GFSO, 012, 456N, 1266E,  10, 1005, XX,  34, NEQ, 0000, 0000, 0000, 0000, 1006,   43,  105,     34,   -423,  -1305, N,   87,   13,   91,  199,  188,  322
TG, 0003, 2023071600_F000_447N_1254E_FOF, 2023071600, 03, GFSO, 018, 457N, 1261E,   7, 1007, XX,  34, NEQ, 0000, 0000, 0000, 0000, 1009,  198,   98,    -46,   -432,   -865, N,  205,    6,   86,  149,  177,  248
TG, 0003, 2023071600_F000_447N_1254E_FOF, 2023071600, 03, GFSO, 024, 456N, 1256E,  10, 1009, XX,  34, NEQ, 0000, 0000, 0000, 0000, 1010,  148,  134,     12,   -390,   -495, N,  188,   14,   82,  147,  170,  299
TG, 0003, 2023071600_F000_447N_1254E_FOF, 2023071600, 03, GFSO, 030, 457N, 1259E,  11, 1010, XX,  34, NEQ, 0000, 0000, 0000, 0000, -999, -999,  137,    -52,   -476,   -545, N,  104,   14,   38,  130,  170,  248
TG, 0003, 2023071600_F000_447N_1254E_FOF, 2023071600, 03, GFSO, 036, 447N, 1260E,   6, 1011, XX,  34, NEQ, 0000, 0000, 0000, 0000, -999, -999,  149,    114,   -800,   -692, N,  150,   39,   38,  113,  162,  247
TG, 0005, 2023071600_F000_405N_1518E_FOF, 2023071600, 03, GFSO, 000, 405N, 1518E,  30, 1003, XX,  34, NEQ, 0000, 0000, 0000, 0000, 1006,  180,  122,   -999,  -9999,  -9999, N,   92,  105,  159,  214,  250,  365
TG, 0005, 2023071600_F000_405N_1518E_FOF, 2023071600, 03, GFSO, 006, 411N, 1542E,  32, 1002, XX,  34, NEQ, 0000, 0000, 0000, 0000, 1007,  232,  158,    193,   -924,  -2546, Y,   82,   97,  132,  202,  249,  407
TG, 0005, 2023071600_F000_405N_1518E_FOF, 2023071600, 03, GFSO, 012, 417N, 1567E,  32, 1002, XX,  34, NEQ, 0000, 0000, 0000, 0000, 1009,  315,  106,    207,   -630,  -3033, Y,   78,   96,  156,  215,  239,  555
TG, 0005, 2023071600_F000_405N_1518E_FOF, 2023071600, 03, GFSO, 018, 426N, 1591E,  31, 1002, XX,  34, NEQ, 0000, 0000, 0000, 0000, 1010,  422,  102,    189,   -460,  -3153, N,   69,  100,  154,  197,  212,  255
TG, 0005, 2023071600_F000_405N_1518E_FOF, 2023071600, 03, GFSO, 024, 440N, 1613E,  33, 1002, XX,  34, NEQ, 0000, 0000, 0000, 0000, -999, -999,  100,    183,   -778,  -2466, N,   55,  111,  154,  200,  253,  326
TG, 0005, 2023071600_F000_405N_1518E_FOF, 2023071600, 03, GFSO, 030, 459N, 1635E,  32, 1002, XX,  34, NEQ, 0000, 0000, 0000, 0000, -999, -999,  110,    205,   -474,  -1569, N,   50,  126,  141,  241,  189,  267
TG, 0006, 2023071600_F000_441N_1391E_FOF, 2023071600, 03, GFSO, 000, 441N, 1391E,  26, 1004, XX,  34, NEQ, 0000, 0000, 0000, 0000, 1007,  121,   88,   -999,  -9999,  -9999, N,   79,   76,  109,  166,  180,  189
TG, 0006, 2023071600_F000_441N_1391E_FOF, 2023071600, 03, GFSO, 006, 444N, 1398E,  24, 1005, XX,  34, NEQ, 0000, 0000, 0000, 0000, 1007,   89,   82,    349,  -1527,  -2296, N,   77,   52,  100,  142,  159,  185
TG, 0006, 2023071600_F000_441N_1391E_FOF, 2023071600, 03, GFSO, 012, 450N, 1403E,  24, 1007, XX,  34, NEQ, 0000, 0000, 0000, 0000, 1009,   94,   61,    190,  -1220,  -2197, N,   71,   46,   84,  127,  155,  155
TG, 0006, 2023071600_F000_441N_1391E_FOF, 2023071600, 03, GFSO, 018, 452N, 1405E,  20, 1008, XX,  34, NEQ, 0000, 0000, 0000, 0000, 1010,   56,   45,    286,  -1247,  -2205, N,   84,   45,   66,  154,  148,  143
TG, 0006, 2023071600_F000_441N_1391E_FOF, 2023071600, 03, GFSO, 024, 454N, 1407E,  19, 1010, XX,  34, NEQ, 0000, 0000, 0000, 0000, 1011,   31,   50,    247,  -1390,  -2206, N,   87,   41,   87,  128,  188,  224
TG, 0006, 2023071600_F000_441N_1391E_FOF, 2023071600, 03, GFSO, 030, 452N, 1418E,  16, 1009, XX,  34, NEQ, 0000, 0000, 0000, 0000, 1010,   30,   59,    306,  -1394,  -2198, N,   97,   62,   -8,  188,  170,  242
TG, 0006, 2023071600_F000_441N_1391E_FOF, 2023071600, 03, GFSO, 036, 458N, 1425E,  14, 1012, XX,  34, NEQ, 0000, 0000, 0000, 0000, -999, -999,   65,    112,  -1478,  -1951, N,   88,   42,   69,  153,  145,  184
TG, 0006, 2023071600_F000_441N_1391E_FOF, 2023071600, 03, GFSO, 042, 450N, 1428E,  11, 1011, XX,  34, NEQ, 0000, 0000, 0000, 0000, -999, -999,   64,    167,  -1751,  -1772, N,  120,   54,   57,  120,  146,  186
TG, 0006, 2023071600_F000_441N_1391E_FOF, 2023071600, 03, GFSO, 048, 434N, 1446E,  10, 1010, XX,  34, NEQ, 0000, 0000, 0000, 0000, 1011,   85,  120,    299,  -1784,  -1922, N,  120,   93,   62,  266,  145,  171
TG, 0008, 2023071600_F000_071N_1366E_FOF, 2023071600, 03, GFSO, 000,  71N, 1366E,  19, 1007, XX,  34, NEQ, 0000, 0000, 0000, 0000, 1008,  144,  103,   -999,  -9999,  -9999, N,  240,   44,   73,  128,   83,  151
TG, 0008, 2023071600_F000_071N_1366E_FOF, 2023071600, 03, GFSO, 006,  60N, 1365E,  24, 1002, XX,  34, NEQ, 0000, 0000, 0000, 0000, 1005,  179,  135,    -57,   -314,    298, Y,  202,   37,  153,  257,  203,  343
TG, 0008, 2023071600_F000_071N_1366E_FOF, 2023071600, 03, GFSO, 012,  62N, 1361E,  26, 1006, XX,  34, NEQ, 0000, 0000, 0000, 0000, -999, -999,   45,    100,   -198,    404, Y,  274,   25,  179,  555,  244,  662
TG, 0008, 2023071600_F000_071N_1366E_FOF, 2023071600, 03, GFSO, 018,  63N, 1362E,  33, 1000, XX,  34, NEQ, 0000, 0000, 0000, 0000, 1005,  132,   28,    -46,     42,    362, Y,  294,    8,  269, 1058,  116,  983
TG, 0008, 2023071600_F000_071N_1366E_FOF, 2023071600, 03, GFSO, 024,  71N, 1364E,  27, 1005, XX,  34, NEQ, 0000, 0000, 0000, 0000, 1006,   50,  152,    -44,   -257,    403, Y,  338,   26,  195,  221,  211,  255
TG, 0008, 2023071600_F000_071N_1366E_FOF, 2023071600, 03, GFSO, 030,  76N, 1359E,  26, 1004, XX,  34, NEQ, 0000, 0000, 0000, 0000, -999, -999,   54,     37,   -431,    443, N,  294,   27,   57,  196,   99,  146
TG, 0008, 2023071600_F000_071N_1366E_FOF, 2023071600, 03, GFSO, 036,  74N, 1345E,  32, 1006, XX,  34, NEQ, 0000, 0000, 0000, 0000, -999, -999,  143,     53,   -119,    460, Y,  255,   47,  392,  191,  345,  167
TG, 0015, 2023071600_F006_353N_1396E_FOF, 2023071600, 03, GFSO, 006, 353N, 1396E,  24, 1007, XX,  34, NEQ, 0000, 0000, 0000, 0000, 1009,   69,   70,   -999,  -9999,  -9999, N,   87,   84,   97,  387,  109,  262
TG, 0015, 2023071600_F006_353N_1396E_FOF, 2023071600, 03, GFSO, 012, 351N, 1399E,  22, 1011, XX,  34, NEQ, 0000, 0000, 0000, 0000, 1012,   39,  117,     33,    -90,     17, N,   97,   40,  109,  230,  113,  194
TG, 0015, 2023071600_F006_353N_1396E_FOF, 2023071600, 03, GFSO, 018, 347N, 1395E,  19, 1012, XX,  34, NEQ, 0000, 0000, 0000, 0000, -999, -999,   68,    -19,   -200,   -147, N,  115,   24,  112,  289,  100,  164
TG, 0015, 2023071600_F006_353N_1396E_FOF, 2023071600, 03, GFSO, 024, 350N, 1406E,  15, 1013, XX,  34, NEQ, 0000, 0000, 0000, 0000, -999, -999,  141,     25,   -406,   -207, N,   90,   48,   83,  195,   96,  137
TG, 0015, 2023071600_F006_353N_1396E_FOF, 2023071600, 03, GFSO, 030, 348N, 1414E,  14, 1010, XX,  34, NEQ, 0000, 0000, 0000, 0000, 1012,   74,  105,     37,   -284,   -205, N,  114,   42,   14,  265,   97,  109
TG, 0015, 2023071600_F006_353N_1396E_FOF, 2023071600, 03, GFSO, 036, 345N, 1413E,  12, 1013, XX,  34, NEQ, 0000, 0000, 0000, 0000, 1014,   74,  153,     26,   -383,   -616, N,  140,   23,   96,  199,   66,  133
TG, 0015, 2023071600_F006_353N_1396E_FOF, 2023071600, 03, GFSO, 042, 341N, 1410E,  14, 1013, XX,  34, NEQ, 0000, 0000, 0000, 0000, -999, -999,  153,     12,   -505,   -632, N,  151,   19,  100,  199,  100,  125
TG, 0015, 2023071600_F006_353N_1396E_FOF, 2023071600, 03, GFSO, 048, 341N, 1408E,  12, 1013, XX,  34, NEQ, 0000, 0000, 0000, 0000, -999, -999,  157,    -61,   -484,   -615, N,  104,   15,   84,  148,   62,  127
TG, 0022, 2023071600_F018_249N_1258E_FOF, 2023071600, 03, GFSO, 018, 249N, 1258E,  33, 1002, XX,  34, NEQ, 0000, 0000, 0000, 0000, 1003,  150,   52,   -999,  -9999,  -9999, Y,  334,   87,  232,  553,  222,  351
TG, 0022, 2023071600_F018_249N_1258E_FOF, 2023071600, 03, GFSO, 024, 262N, 1246E,  38, 1003, XX,  34, NEQ, 0113, 0000, 0000, 0000, 1004,   43,  111,   -125,     90,   -251, Y,  327,   80,  144,  282,  201,  307
TG, 0022, 2023071600_F018_249N_1258E_FOF, 2023071600, 03, GFSO, 030, 272N, 1240E,  29, 1003, XX,  34, NEQ, 0000, 0000, 0000, 0000, 1004,   37,  135,   -133,    825,   -678, N,  337,   58,  103,  269,  186,  266
TG, 0022, 2023071600_F018_249N_1258E_FOF, 2023071600, 03, GFSO, 036, 282N, 1236E,  28, 1005, XX,  34, NEQ, 0000, 0000, 0000, 0000, 1006,   28,  127,    -97,     63,   -206, N,  339,   55,  128,  249,  144,  208
TG, 0022, 2023071600_F018_249N_1258E_FOF, 2023071600, 03, GFSO, 042, 307N, 1227E,  24, 1004, XX,  34, NEQ, 0000, 0000, 0000, 0000, 1005,   69,  161,   -122,    620,   -501, N,  345,   96,   97,  363,  179,  261
TG, 0022, 2023071600_F018_249N_1258E_FOF, 2023071600, 03, GFSO, 048, 318N, 1226E,  25, 1006, XX,  34, NEQ, 0000, 0000, 0000, 0000, 1007,   66,  150,    -52,    390,   -681, N,    3,   50,  117,  189,  177,  288
TG, 0022, 2023071600_F018_249N_1258E_FOF, 2023071600, 03, GFSO, 054, 327N, 1229E,  24, 1005, XX,  34, NEQ, 0000, 0000, 0000, 0000, -999, -999,  123,     28,     22,   -874, N,   30,   38,   76,  143,  140,  248
TG, 0022, 2023071600_F018_249N_1258E_FOF, 2023071600, 03, GFSO, 060, 345N, 1240E,  24, 1005, XX,  34, NEQ, 0000, 0000, 0000, 0000, 1006,  102,   73,     51,    430,  -1670, N,   36,   64,   93,  310,  199,  281
TG, 0022, 2023071600_F018_249N_1258E_FOF, 2023071600, 03, GFSO, 066, 351N, 1245E,  20, 1005, XX,  34, NEQ, 0000, 0000, 0000, 0000, 1006,   69,   90,     68,   -315,  -1938, N,   55,   37,  123,  360,  170,  427
TG, 0022, 2023071600_F018_249N_1258E_FOF, 2023071600, 03, GFSO, 072, 347N, 1245E,  18, 1006, XX,  34, NEQ, 0000, 0000, 0000, 0000, 1008,  123,   52,      3,   -365,  -1868, N,  118,   19,  102,  207,  195,  238
TG, 0022, 2023071600_F018_249N_1258E_FOF, 2023071600, 03, GFSO, 078, 345N, 1245E,  15, 1005, XX,  34, NEQ, 0000, 0000, 0000, 0000, 1006,   83,   64,     49,   -359,  -1911, N,  114,   21,   97,  196,  166,  198
TG, 0022, 2023071600_F018_249N_1258E_FOF, 2023071600, 03, GFSO, 084, 340N, 1244E,  13, 1006, XX,  34, NEQ, 0000, 0000, 0000, 0000, 1007,   62,   74,     19,   -333,  -1855, N,  156,   17,   55,  141,  158,  194
TG, 0022, 2023071600_F018_249N_1258E_FOF, 2023071600, 03, GFSO, 090, 339N, 1244E,  11, 1005, XX,  34, NEQ, 0000, 0000, 0000, 0000, 1006,   69,  156,     75,   -140,  -1877, N,   91,   12,   95,  148,  168,  189
TG, 0022, 2023071600_F018_249N_1258E_FOF, 2023071600, 03, GFSO, 096, 340N, 1239E,  10, 1007, XX,  34, NEQ, 0000, 0000, 0000, 0000, -999, -999,   42,    -69,    -24,  -1697, N,  278,    8,   97,  159,  128,  187
TG, 0022, 2023071600_F018_249N_1258E_FOF, 2023071600, 03, GFSO, 102, 340N, 1232E,  12, 1007, XX,  34, NEQ, 0000, 0000, 0000, 0000, -999, -999,  144,    -38,    -22,  -1436, N,  281,   17,   76,  186,  192,  187
TG, 0028, 2023071600_F024_492N_1630E_FOF, 2023071600, 03, GFSO, 024, 492N, 1630E,  29, 1002, XX,  34, NEQ, 0000, 0000, 0000, 0000, 1009,  428,  155,   -999,  -9999,  -9999, N,   21,   85,  213,  403,  312,  650
TG, 0028, 2023071600_F024_492N_1630E_FOF, 2023071600, 03, GFSO, 030, 504N, 1635E,  27, 1000, XX,  34, NEQ, 0000, 0000, 0000, 0000, 1007,  374,  157,    293,   -100,  -1645, N,   27,   65,  194,  383,  260,  872
TG, 0028, 2023071600_F024_492N_1630E_FOF, 2023071600, 03, GFSO, 036, 509N, 1636E,  27,  998, XX,  34, NEQ, 0000, 0000, 0000, 0000, 1005,  304,  157,    317,   -179,  -1343, N,   33,   42,  209,  458,  325,  580
TG, 0028, 2023071600_F024_492N_1630E_FOF, 2023071600, 03, GFSO, 042, 516N, 1639E,  29,  997, XX,  34, NEQ, 0000, 0000, 0000, 0000, 1004,  247,  158,    294,   -271,  -1525, N,   42,   48,  179,  238,  307,  445
TG, 0028, 2023071600_F024_492N_1630E_FOF, 2023071600, 03, GFSO, 048, 522N, 1649E,  24,  998, XX,  34, NEQ, 0000, 0000, 0000, 0000, 1001,  205,  158,    213,   -514,  -1809, N,   53,   56,  167,  272,  231,  530
TG, 0028, 2023071600_F024_492N_1630E_FOF, 2023071600, 03, GFSO, 054, 537N, 1662E,  24,  998, XX,  34, NEQ, 0000, 0000, 0000, 0000, -999, -999,  158,    250,   -749,  -1599, N,   48,   87,  157,  205,  301,  474
TG, 0029, 2023071600_F024_061N_1343E_FOF, 2023071600, 03, GFSO, 024,  61N, 1343E,  28, 1002, XX,  34, NEQ, 0000, 0000, 0000, 0000, 1006,   30,   85,   -999,  -9999,  -9999, Y,  205,   17,  200,  780,  216,  783
TG, 0029, 2023071600_F024_061N_1343E_FOF, 2023071600, 03, GFSO, 030,  60N, 1335E,  34, 1002, XX,  34, NEQ, 0000, 0000, 0121, 0000, 1004,   56,  121,     54,    -70,    283, Y,  230,   21,  135,  434,  191,  499
TG, 0029, 2023071600_F024_061N_1343E_FOF, 2023071600, 03, GFSO, 036,  59N, 1334E,  32, 1004, XX,  34, NEQ, 0000, 0000, 0000, 0000, 1008,  217,  127,     -9,    233,    387, Y,  160,   12,  392, 1655,   99, 1614
TG, 0029, 2023071600_F024_061N_1343E_FOF, 2023071600, 03, GFSO, 042,  60N, 1338E,  38,  998, XX,  34, NEQ, 0040, 0040, 0000, 0000, 1005,   92,   30,    -29,    654,    417, Y,   90,   21,  359, 1581,  319, 1393
TG, 0029, 2023071600_F024_061N_1343E_FOF, 2023071600, 03, GFSO, 048,  64N, 1343E,  40, 1000, XX,  34, NEQ, 0000, 0055, 0000, 0000, 1006,   68,   30,     14,    292,    218, Y,   41,   26,  323, 1103,  332, 1097
TG, 0029, 2023071600_F024_061N_1343E_FOF, 2023071600, 03, GFSO, 054,  73N, 1347E,  38,  996, XX,  34, NEQ, 0023, 0060, 0183, 0000, 1005,  159,   89,     30,    423,    363, Y,   25,   41,  379, 1240,  385, 1350
TG, 0029, 2023071600_F024_061N_1343E_FOF, 2023071600, 03, GFSO, 060,  82N, 1345E,  35,  999, XX,  34, NEQ, 0035, 0000, 0000, 0000, 1004,   46,   32,     21,     86,    356, Y,  355,   39,  366, 1032,  367, 1217
TG, 0029, 2023071600_F024_061N_1343E_FOF, 2023071600, 03, GFSO, 066,  88N, 1338E,  39,  997, XX,  34, NEQ, 0033, 0000, 0000, 0000, 1003,   89,   16,     46,    196,    279, Y,  333,   33,  315,  866,  397, 1118
TG, 0029, 2023071600_F024_061N_1343E_FOF, 2023071600, 03, GFSO, 072,  93N, 1336E,  40,  997, XX,  34, NEQ, 0000, 0000, 0030, 0014, 1005,   91,   21,     66,     57,    564, Y,  359,   29,  426, 1056,  269,  989
TG, 0029, 2023071600_F024_061N_1343E_FOF, 2023071600, 03, GFSO, 078, 101N, 1334E,  41,  992, XX,  34, NEQ, 0035, 0044, 0166, 0000, 1001,   42,   24,     55,    947,    368, Y,    2,   36,  408, 1043,  469, 1595
TG, 0029, 2023071600_F024_061N_1343E_FOF, 2023071600, 03, GFSO, 084, 107N, 1329E,  45,  991, XX,  34, NEQ, 0037, 0035, 0169, 0035, 1006,  174,   12,     68,    624,    516, Y,  344,   29,  482, 1881,  443, 1407
TG, 0029, 2023071600_F024_061N_1343E_FOF, 2023071600, 03, GFSO, 090, 111N, 1327E,  43,  980, XX,  34, NEQ, 0000, 0045, 0133, 0036, 1000,   54,   20,     77,    594,   1241, Y,    9,   27,   85, 2784,  181, 2594
TG, 0029, 2023071600_F024_061N_1343E_FOF, 2023071600, 03, GFSO, 096, 114N, 1322E,  57,  986, XX,  34, NEQ, 0036, 0088, 0080, 0033, 1001,   55,   16,     87,    684,    779, Y,    0,   23,  585, 1922,  610, 1834
TG, 0029, 2023071600_F024_061N_1343E_FOF, 2023071600, 03, GFSO, 102, 119N, 1321E,  55,  981, XX,  34, NEQ, 0037, 0087, 0085, 0029, 1001,   76,   25,     34,    756,    912, Y,   29,   27,  535, 2162,  550, 2095
TG, 0029, 2023071600_F024_061N_1343E_FOF, 2023071600, 03, GFSO, 108, 123N, 1321E,  56,  989, XX,  34, NEQ, 0041, 0061, 0082, 0033, 1004,  105,   21,     11,    223,    740, Y,   24,   22,  531, 1698,  596, 1596
TG, 0029, 2023071600_F024_061N_1343E_FOF, 2023071600, 03, GFSO, 114, 128N, 1318E,  51,  985, XX,  34, NEQ, 0041, 0089, 0094, 0040, 1006,  311,   21,     76,    872,   1153, Y,  350,   21,  484, 1787,  473, 1489
TG, 0029, 2023071600_F024_061N_1343E_FOF, 2023071600, 03, GFSO, 120, 131N, 1317E,  67,  984, XX,  34, NEQ, 0054, 0074, 0105, 0029, 1002,   65,   21,     70,    588,    926, Y,  345,   20,  272, 2066,  126, 1692
TG, 0029, 2023071600_F024_061N_1343E_FOF, 2023071600, 03, GFSO, 126, 136N, 1314E,  60,  977, XX,  34, NEQ, 0049, 0095, 0102, 0000,  999,   75,   25,     42,    536,   1240, Y,  341,   24,  700, 2594,  598, 2475
TG, 0029, 2023071600_F024_061N_1343E_FOF, 2023071600, 03, GFSO, 132, 140N, 1308E,  56,  975, XX,  34, NEQ, 0077, 0064, 0141, 0045,  999,   42,   31,     82,    917,   1345, Y,  305,   32,  762, 3081,  713, 2853
TG, 0029, 2023071600_F024_061N_1343E_FOF, 2023071600, 03, GFSO, 138, 143N, 1301E,  60,  972, XX,  34, NEQ, 0058, 0083, 0145, 0049,  996,   42,   20,     72,    746,   1399, Y,  298,   35,  709, 2594,  697, 2627
TG, 0029, 2023071600_F024_061N_1343E_FOF, 2023071600, 03, GFSO, 144, 145N, 1294E,  66,  972, XX,  34, NEQ, 0064, 0124, 0091, 0061,  998,   42,   21,     93,   1139,   1127, Y,  287,   35,  694, 2613,  746, 2571
TG, 0029, 2023071600_F024_061N_1343E_FOF, 2023071600, 03, GFSO, 150, 149N, 1287E,  71,  966, XX,  34, NEQ, 0104, 0098, 0095, 0083,  995,   63,   28,     38,    875,   1359, Y,  299,   38,  169, 2696,  781, 2781
TG, 0029, 2023071600_F024_061N_1343E_FOF, 2023071600, 03, GFSO, 156, 151N, 1275E,  76,  959, XX,  34, NEQ, 0103, 0080, 0078, 0090,  993,   42,   23,     74,   1088,   2008, Y,  280,   48,  727, 3324,  791, 2921
TG, 0029, 2023071600_F024_061N_1343E_FOF, 2023071600, 03, GFSO, 162, 150N, 1265E,  79,  950, XX,  34, NEQ, 0099, 0099, 0092, 0122,  993,   58,   32,     62,   1024,   2330, Y,  275,   35,  880, 3464,  913, 3400
TG, 0029, 2023071600_F024_061N_1343E_FOF, 2023071600, 03, GFSO, 168, 151N, 1259E,  79,  958, XX,  34, NEQ, 0109, 0116, 0105, 0087,  995,   66,   22,     77,    889,   1866, Y,  297,   26,  972, 3008,  944, 2843
TG, 0029, 2023071600_F024_061N_1343E_FOF, 2023071600, 03, GFSO, 174, 154N, 1253E,  86,  958, XX,  34, NEQ, 0107, 0126, 0119, 0097,  993,   75,   25,     77,   1603,   1911, Y,  309,   22, 1062, 2457, 1014, 2071
TG, 0029, 2023071600_F024_061N_1343E_FOF, 2023071600, 03, GFSO, 180, 155N, 1247E,  78,  954, XX,  34, NEQ, 0107, 0155, 0122, 0097,  980,   42,   31,     54,   1190,   2108, Y,  300,   20, 1046, 2895,  891, 2474
TG, 0029, 2023071600_F024_061N_1343E_FOF, 2023071600, 03, GFSO, 192, 156N, 1238E,  90,  951, XX,  34, NEQ, 0120, 0165, 0126, 0090,  984,   42,   24,     35,   1237,   2398, Y,  345,   13, 1323, 3058, 1050, 2527
TG, 0029, 2023071600_F024_061N_1343E_FOF, 2023071600, 03, GFSO, 204, 162N, 1232E,  87,  957, XX,  34, NEQ, 0106, 0148, 0223, 0081,  991,   83,   25,      6,    788,   1890, Y,  345,   19, 1096, 3232, 1107, 2906
TG, 0029, 2023071600_F024_061N_1343E_FOF, 2023071600, 03, GFSO, 216, 164N, 1219E,  60,  965, XX,  34, NEQ, 0121, 0247, 0287, 0145,  983,   42,   34,     60,   1017,   1444, Y,  337,   20,  599, 2014,  805, 2194
TG, 0029, 2023071600_F024_061N_1343E_FOF, 2023071600, 03, GFSO, 228, 168N, 1215E,  49,  980, XX,  34, NEQ, 0169, 0240, 0247, 0191,  987,   96,   61,     18,    425,    879, Y,   11,   25,  432, 1032,  610, 1118
TG, 0029, 2023071600_F024_061N_1343E_FOF, 2023071600, 03, GFSO, 240, 178N, 1202E,  46,  982, XX,  34, NEQ, 0212, 0255, 0278, 0193,  989,   95,  136,     18,    406,    906, N,  334,   32,  337,  670,  382,  744
TG, 0029, 2023071600_F024_061N_1343E_FOF, 2023071600, 03, GFSO, 252, 188N, 1191E,  50,  980, XX,  34, NEQ, 0252, 0314, 0199, 0138,  983,   66,   83,    130,    708,    969, Y,  324,   26,  493, 1301,  439,  872
TG, 0029, 2023071600_F024_061N_1343E_FOF, 2023071600, 03, GFSO, 264, 203N, 1186E,  67,  972, XX,  34, NEQ, 0150, 0187, 0171, 0168,  973,    0,   54,     86,    902,   1388, Y,  353,   42,  748, 1732,  760, 1269
TG, 0029, 2023071600_F024_061N_1343E_FOF, 2023071600, 03, GFSO, 276, 223N, 1176E,  68,  968, XX,  34, NEQ, 0138, 0177, 0141, 0101,  981,   59,   54,    -43,   1447,   1544, Y,  337,   52,  863, 1760,  731, 1574
TG, 0029, 2023071600_F024_061N_1343E_FOF, 2023071600, 03, GFSO, 288, 238N, 1167E,  48,  981, XX,  34, NEQ, 0161, 0169, 0087, 0000,  989,   88,   52,    -60,    662,   1059, Y,  347,   47,  623, 1122,  486, 1074
TG, 0029, 2023071600_F024_061N_1343E_FOF, 2023071600, 03, GFSO, 300, 262N, 1160E,  18,  990, XX,  34, NEQ, 0000, 0000, 0000, 0000,  995,  101,   93,    -38,     96,    631, Y,  348,   56,  376, 1036,  396,  848
TG, 0029, 2023071600_F024_061N_1343E_FOF, 2023071600, 03, GFSO, 312, 284N, 1154E,  15,  996, XX,  34, NEQ, 0000, 0000, 0000, 0000,  999,  121,  102,    -26,    345,    294, Y,  346,   45,  145,  350,  191,  371
TG, 0029, 2023071600_F024_061N_1343E_FOF, 2023071600, 03, GFSO, 324, 306N, 1160E,  20,  998, XX,  34, NEQ, 0000, 0000, 0000, 0000, -999, -999,   94,    -25,    701,    187, Y,  350,   40,  148,  295,  217,  446
TG, 0029, 2023071600_F024_061N_1343E_FOF, 2023071600, 03, GFSO, 336, 316N, 1163E,  18, 1001, XX,  34, NEQ, 0000, 0000, 0000, 0000, 1002,  120,  157,     26,    833,   -362, Y,  349,   25,   98,  147,  154,  220
TG, 0029, 2023071600_F024_061N_1343E_FOF, 2023071600, 03, GFSO, 348, 317N, 1158E,  12, 1002, XX,  34, NEQ, 0000, 0000, 0000, 0000, -999, -999,   97,   -166,    716,   -593, N,  298,   12,   81,  116,  138,  228
TG, 0029, 2023071600_F024_061N_1343E_FOF, 2023071600, 03, GFSO, 360, 327N, 1162E,  13, 1003, XX,  34, NEQ, 0000, 0000, 0000, 0000, 1004,  153,  124,     76,    161,   -698, N,   33,   18,  104,  172,  128,  223
TG, 0029, 2023071600_F024_061N_1343E_FOF, 2023071600, 03, GFSO, 372, 329N, 1165E,  12, 1003, XX,  34, NEQ, 0000, 0000, 0000, 0000, -999, -999,  106,    111,   -241,   -447, N,   64,    8,   60,   57,  137,  153
TG, 0047, 2023071600_F054_483N_1146E_FOF, 2023071600, 03, GFSO, 054, 483N, 1146E,  18,  997, XX,  34, NEQ, 0000, 0000, 0000, 0000,  998,   60,  105,   -999,  -9999,  -9999, N,   78,   54,  108,  255,  190,  296
TG, 0047, 2023071600_F054_483N_1146E_FOF, 2023071600, 03, GFSO, 060, 484N, 1164E,  24,  998, XX,  34, NEQ, 0000, 0000, 0000, 0000,  999,   36,   78,    473,  -2167,   -305, Y,   87,   57,  252,  849,  254,  275
TG, 0047, 2023071600_F054_483N_1146E_FOF, 2023071600, 03, GFSO, 066, 486N, 1177E,  22, 1001, XX,  34, NEQ, 0000, 0000, 0000, 0000, 1003,   37,   78,    419,  -2028,  -1068, N,   81,   48,  189,  321,  216,  265
TG, 0047, 2023071600_F054_483N_1146E_FOF, 2023071600, 03, GFSO, 072, 491N, 1190E,  15, 1002, XX,  34, NEQ, 0000, 0000, 0000, 0000, 1003,   38,   53,    360,  -1972,  -1417, N,   80,   49,  145,  350,  225,  265
TG, 0047, 2023071600_F054_483N_1146E_FOF, 2023071600, 03, GFSO, 078, 495N, 1206E,  14, 1002, XX,  34, NEQ, 0000, 0000, 0000, 0000, -999, -999,  118,    209,  -1460,  -1569, N,   79,   54,  111,  329,  185,  417
TG, 0047, 2023071600_F054_483N_1146E_FOF, 2023071600, 03, GFSO, 084, 496N, 1215E,  12, 1004, XX,  34, NEQ, 0000, 0000, 0000, 0000, -999, -999,  117,    210,  -1213,  -1962, N,   90,   37,  114,  303,  188,  243
TG, 0098, 2023071600_F090_425N_1072E_FOF, 2023071600, 03, GFSO, 090, 425N, 1072E,  26,  998, XX,  34, NEQ, 0000, 0000, 0000, 0000,  999,   40,   77,   -999,  -9999,  -9999, N,   45,   42,  233,  969,  192,  416
TG, 0098, 2023071600_F090_425N_1072E_FOF, 2023071600, 03, GFSO, 096, 435N, 1093E,  24,  999, XX,  34, NEQ, 0000, 0000, 0000, 0000, 1000,  133,   77,    571,  -1115,   -916, N,   59,   65,  187,  513,  210,  240
TG, 0098, 2023071600_F090_425N_1072E_FOF, 2023071600, 03, GFSO, 102, 447N, 1105E,  22,  995, XX,  34, NEQ, 0000, 0000, 0000, 0000,  996,   50,   74,    693,  -1294,   -522, N,   46,   59,  202,  448,  233,  410
TG, 0098, 2023071600_F090_425N_1072E_FOF, 2023071600, 03, GFSO, 108, 453N, 1115E,  29,  997, XX,  34, NEQ, 0000, 0000, 0000, 0000,  998,   42,  107,    634,   -675,   -664, N,   54,   38,  207,  539,  240,  935
TG, 0098, 2023071600_F090_425N_1072E_FOF, 2023071600, 03, GFSO, 114, 451N, 1109E,  22, 1000, XX,  34, NEQ, 0000, 0000, 0000, 0000, 1002,   72,   79,   -450,   -779,   -244, N,  333,    8,  173,  333,  248,  397
TG, 0098, 2023071600_F090_425N_1072E_FOF, 2023071600, 03, GFSO, 120, 448N, 1111E,  20, 1002, XX,  34, NEQ, 0000, 0000, 0000, 0000, 1004,  104,  112,   -142,   -934,   -415, N,  102,   12,  150,  328,  242,  526
TG, 0098, 2023071600_F090_425N_1072E_FOF, 2023071600, 03, GFSO, 126, 445N, 1111E,  26, 1001, XX,  34, NEQ, 0000, 0000, 0000, 0000, -999, -999,  125,    -86,   -368,   -469, N,   95,    9,  142,  401,  270,  309
TG, 0098, 2023071600_F090_425N_1072E_FOF, 2023071600, 03, GFSO, 132, 442N, 1123E,  19, 1001, XX,  34, NEQ, 0000, 0000, 0000, 0000, 1003,   60,   87,    184,   -352,   -527, N,  106,   33,  149,  486,  244,  523
TG, 0098, 2023071600_F090_425N_1072E_FOF, 2023071600, 03, GFSO, 138, 438N, 1124E,  17, 1004, XX,  34, NEQ, 0000, 0000, 0000, 0000, 1006,   71,  120,     46,   -399,   -268, N,  129,   16,  120,  436,  195,  469
TG, 0098, 2023071600_F090_425N_1072E_FOF, 2023071600, 03, GFSO, 144, 437N, 1127E,  16, 1006, XX,  34, NEQ, 0000, 0000, 0000, 0000, 1007,   70,  119,    149,   -786,   -441, N,  122,   17,  123,  418,  190,  316
TG, 0098, 2023071600_F090_425N_1072E_FOF, 2023071600, 03, GFSO, 150, 436N, 1127E,  18, 1002, XX,  34, NEQ, 0000, 0000, 0000, 0000, -999, -999,   89,     48,   -557,   -487, N,  145,   16,   58,  124,  166,  289
TG, 0098, 2023071600_F090_425N_1072E_FOF, 2023071600, 03, GFSO, 156, 428N, 1131E,  18, 1003, XX,  34, NEQ, 0000, 0000, 0000, 0000, -999, -999,   33,    314,   -788,   -737, N,  155,   44,  113,  350,  163,  244
TG, 0099, 2023071600_F090_128N_1152E_FOF, 2023071600, 03, GFSO, 090, 128N, 1152E,  24,  999, XX,  34, NEQ, 0000, 0000, 0000, 0000, 1002, -999,  142,   -999,  -9999,  -9999, Y,   31,   32,  138,  477,  173,  423
TG, 0099, 2023071600_F090_128N_1152E_FOF, 2023071600, 03, GFSO, 096, 138N, 1136E,  19, 1002, XX,  34, NEQ, 0000, 0000, 0000, 0000, -999, -999,  162,     84,   -183,    176, N,  311,   55,   80,  257,  159,  388
TG, 0099, 2023071600_F090_128N_1152E_FOF, 2023071600, 03, GFSO, 102, 137N, 1133E,  19,  998, XX,  34, NEQ, 0000, 0000, 0000, 0000, 1002,  216,   63,    118,   -327,    274, Y,  306,    9,   83,  311,  211,  441
TG, 0099, 2023071600_F090_128N_1152E_FOF, 2023071600, 03, GFSO, 108, 139N, 1134E,  26,  998, XX,  34, NEQ, 0000, 0000, 0000, 0000, 1001,   81,   27,    -70,     -7,     10, Y,    6,   17,  242,  523,  288,  623
TG, 0099, 2023071600_F090_128N_1152E_FOF, 2023071600, 03, GFSO, 114, 146N, 1129E,  28,  997, XX,  34, NEQ, 0000, 0000, 0000, 0000,  998,   25,   28,     69,   -275,    493, Y,  325,   35,  205,  425,  242,  340
TG, 0099, 2023071600_F090_128N_1152E_FOF, 2023071600, 03, GFSO, 120, 146N, 1123E,  27,  996, XX,  34, NEQ, 0000, 0000, 0000, 0000, 1001,   95,   92,     80,    -40,    214, Y,  302,   20,  199,  825,  358,  932
TG, 0099, 2023071600_F090_128N_1152E_FOF, 2023071600, 03, GFSO, 126, 147N, 1121E,  35,  989, XX,  34, NEQ, 0000, 0000, 0043, 0000, 1001,  150,   40,     65,    684,    640, Y,  332,   13,  432, 1367,  438, 1246
TG, 0099, 2023071600_F090_128N_1152E_FOF, 2023071600, 03, GFSO, 132, 149N, 1120E,  40,  990, XX,  34, NEQ, 0035, 0052, 0065, 0000, 1003,  212,   38,     10,    402,    756, Y,  346,   21,  382,  981,  407,  980
TG, 0099, 2023071600_F090_128N_1152E_FOF, 2023071600, 03, GFSO, 138, 156N, 1116E,  49,  986, XX,  34, NEQ, 0057, 0073, 0077, 0000, 1001,  153,   26,     36,    403,    670, Y,  330,   38,  495, 1383,  485, 1317
TG, 0099, 2023071600_F090_128N_1152E_FOF, 2023071600, 03, GFSO, 144, 160N, 1106E,  48,  983, XX,  34, NEQ, 0095, 0084, 0069, 0077,  995,   63,   30,     36,    703,   1101, Y,  300,   39,  607, 1620,  534, 1501
TG, 0099, 2023071600_F090_128N_1152E_FOF, 2023071600, 03, GFSO, 150, 164N, 1098E,  69,  976, XX,  34, NEQ, 0078, 0072, 0074, 0079,  996,  114,   27,     55,   1375,   1157, Y,  304,   35,  823, 1893,  703, 1418
TG, 0099, 2023071600_F090_128N_1152E_FOF, 2023071600, 03, GFSO, 156, 164N, 1086E,  58,  976, XX,  34, NEQ, 0076, 0060, 0031, 0068,  988,   42,   24,     36,   1324,   1277, Y,  275,   41,  634, 1858,  700, 1803
TG, 0099, 2023071600_F090_128N_1152E_FOF, 2023071600, 03, GFSO, 162, 160N, 1081E,  34,  987, XX,  34, NEQ, 0000, 0000, 0000, 0000,  994,   61,   28,    -31,    278,    677, Y,  268,   15,  342, 1623,  367, 1162
TG, 0099, 2023071600_F090_128N_1152E_FOF, 2023071600, 03, GFSO, 168, 165N, 1075E,  30,  993, XX,  34, NEQ, 0000, 0000, 0000, 0000, 1000,  128,  131,    115,     31,    302, Y,  308,   28,  365,  795,  473,  662
TG, 0099, 2023071600_F090_128N_1152E_FOF, 2023071600, 03, GFSO, 174, 166N, 1064E,  27,  996, XX,  34, NEQ, 0000, 0000, 0000, 0000, 1000,  164,  147,    112,     -8,    288, Y,  281,   32,  270,  596,  325,  716
TG, 0099, 2023071600_F090_128N_1152E_FOF, 2023071600, 03, GFSO, 180, 168N, 1060E,  24,  998, XX,  34, NEQ, 0000, 0000, 0000, 0000, 1001,  200,  136,    124,    -43,    147, Y,  287,   20,  306,  881,  267,  423
TG, 0099, 2023071600_F090_128N_1152E_FOF, 2023071600, 03, GFSO, 192, 163N, 1037E,  16,  999, XX,  34, NEQ, 0000, 0000, 0000, 0000, 1000,   63,  142,    103,    353,     15, N,  259,   20,  141,  359,  207,  346
TG, 0099, 2023071600_F090_128N_1152E_FOF, 2023071600, 03, GFSO, 204, 162N, 1030E,  18,  999, XX,  34, NEQ, 0000, 0000, 0000, 0000, -999, -999,  134,    111,    315,    -18, N,   68,    9,  126,  191,  155,  259
TG, 0107, 2023071600_F090_358N_1415E_FOF, 2023071600, 03, GFSO, 090, 358N, 1415E,  19, 1007, XX,  34, NEQ, 0000, 0000, 0000, 0000, 1008,   39,   51,   -999,  -9999,  -9999, N,   82,   84,   96,  452,  194,  384
TG, 0107, 2023071600_F090_358N_1415E_FOF, 2023071600, 03, GFSO, 096, 363N, 1430E,  23, 1008, XX,  34, NEQ, 0000, 0000, 0000, 0000, 1009,   23,   50,    212,  -1380,  -1607, N,   78,   73,  215, 1065,  238,  350
TG, 0107, 2023071600_F090_358N_1415E_FOF, 2023071600, 03, GFSO, 102, 366N, 1443E,  20, 1007, XX,  34, NEQ, 0000, 0000, 0000, 0000, 1009,   78,   37,    215,  -1373,  -1720, N,   81,   70,  160,  584,  146,  199
TG, 0107, 2023071600_F090_358N_1415E_FOF, 2023071600, 03, GFSO, 108, 371N, 1458E,  22, 1010, XX,  34, NEQ, 0000, 0000, 0000, 0000, 1011,   32,   39,    224,  -1487,  -1667, N,   76,   71,   93,  355,  162,  290
TG, 0107, 2023071600_F090_358N_1415E_FOF, 2023071600, 03, GFSO, 114, 374N, 1471E,  20, 1010, XX,  34, NEQ, 0000, 0000, 0000, 0000, 1012,   96,   60,    223,  -1361,  -1594, N,   80,   71,  137,  344,  291,  849
TG, 0107, 2023071600_F090_358N_1415E_FOF, 2023071600, 03, GFSO, 120, 376N, 1492E,  17, 1014, XX,  34, NEQ, 0000, 0000, 0000, 0000, 1015,   66,   68,    257,  -1372,  -1687, N,   82,   83,  102,  276,  255, 1019
TG, 0107, 2023071600_F090_358N_1415E_FOF, 2023071600, 03, GFSO, 126, 376N, 1507E,  16, 1015, XX,  34, NEQ, 0000, 0000, 0000, 0000, -999, -999,   99,    258,  -1386,  -1699, N,   85,   76,   64,  114,  215,  118
TG, 0107, 2023071600_F090_358N_1415E_FOF, 2023071600, 03, GFSO, 132, 378N, 1521E,  14, 1017, XX,  34, NEQ, 0000, 0000, 0000, 0000, -999, -999,  116,    202,  -1309,  -1573, N,   82,   68,   40,   91,  158,  120
TG, 0119, 2023071600_F102_432N_1524E_FOF, 2023071600, 03, GFSO, 102, 432N, 1524E,  22, 1008, XX,  34, NEQ, 0000, 0000, 0000, 0000, 1009,   59,  102,   -999,  -9999,  -9999, N,   69,   56,   99,  133,  224,  272
TG, 0119, 2023071600_F102_432N_1524E_FOF, 2023071600, 03, GFSO, 108, 439N, 1537E,  24, 1008, XX,  34, NEQ, 0000, 0000, 0000, 0000, 1011,  133,   86,    408,  -1247,  -3510, N,   62,   58,  151,  309,  229,  269
TG, 0119, 2023071600_F102_432N_1524E_FOF, 2023071600, 03, GFSO, 114, 445N, 1545E,  22, 1008, XX,  34, NEQ, 0000, 0000, 0000, 0000, 1012,  193,  122,    396,  -1514,  -3168, N,   59,   50,  140,  288,  241,  336
TG, 0119, 2023071600_F102_432N_1524E_FOF, 2023071600, 03, GFSO, 120, 453N, 1557E,  24, 1009, XX,  34, NEQ, 0000, 0000, 0000, 0000, 1014,  186,  156,    467,  -1621,  -3060, N,   60,   59,  145,  221,  233,  289
TG, 0119, 2023071600_F102_432N_1524E_FOF, 2023071600, 03, GFSO, 126, 456N, 1563E,  21, 1010, XX,  34, NEQ, 0000, 0000, 0000, 0000, 1016,  289,  159,    487,  -1579,  -2971, N,   70,   45,  145,  200,  260,  244
TG, 0119, 2023071600_F102_432N_1524E_FOF, 2023071600, 03, GFSO, 132, 462N, 1573E,  20, 1011, XX,  34, NEQ, 0000, 0000, 0000, 0000, 1017,  244,   78,    444,  -1312,  -2453, N,   65,   53,  139,  167,  265,  333
TG, 0119, 2023071600_F102_432N_1524E_FOF, 2023071600, 03, GFSO, 138, 464N, 1589E,  22, 1010, XX,  34, NEQ, 0000, 0000, 0000, 0000, 1016,  244,   94,    269,  -1129,  -2211, N,   78,   61,  154,  201,  261,  349
TG, 0119, 2023071600_F102_432N_1524E_FOF, 2023071600, 03, GFSO, 144, 470N, 1605E,  23, 1011, XX,  34, NEQ, 0000, 0000, 0000, 0000, 1016,  260,  154,    285,  -1172,  -2371, N,   72,   63,  152,  197,  249,  338
TG, 0119, 2023071600_F102_432N_1524E_FOF, 2023071600, 03, GFSO, 150, 476N, 1618E,  22, 1010, XX,  34, NEQ, 0000, 0000, 0000, 0000, 1013,  124,  155,    239,   -866,  -2255, N,   73,   54,  152,  197,  239,  270
TG, 0119, 2023071600_F102_432N_1524E_FOF, 2023071600, 03, GFSO, 156, 478N, 1626E,  21, 1010, XX,  34, NEQ, 0000, 0000, 0000, 0000, 1014,  393,  138,     51,   -403,  -1961, N,   82,   38,  147,  251,  265,  341
TG, 0119, 2023071600_F102_432N_1524E_FOF, 2023071600, 03, GFSO, 162, 478N, 1640E,  21, 1009, XX,  34, NEQ, 0000, 0000, 0000, 0000, 1012,  235,  144,    -81,   -252,  -1843, N,   92,   50,  151,  281,  228,  308
TG, 0119, 2023071600_F102_432N_1524E_FOF, 2023071600, 03, GFSO, 168, 478N, 1654E,  21, 1009, XX,  34, NEQ, 0000, 0000, 0000, 0000, 1013,  276,  127,    -90,   -351,  -1757, N,   93,   50,  120,  202,  260,  269
TG, 0119, 2023071600_F102_432N_1524E_FOF, 2023071600, 03, GFSO, 174, 474N, 1672E,  22, 1007, XX,  34, NEQ, 0000, 0000, 0000, 0000, 1010,  183,  144,    -37,   -599,  -1709, N,  101,   66,  117,  239,  245,  272
TG, 0119, 2023071600_F102_432N_1524E_FOF, 2023071600, 03, GFSO, 180, 473N, 1693E,  22, 1007, XX,  34, NEQ, 0000, 0000, 0000, 0000, 1010,  193,  144,      1,   -748,  -1722, N,   91,   71,   94,  168,  248,  254
TG, 0119, 2023071600_F102_432N_1524E_FOF, 2023071600, 03, GFSO, 192, 481N, 1729E,  19, 1006, XX,  34, NEQ, 0000, 0000, 0000, 0000, 1008,  169,  155,     28,  -1097,  -2039, N,   82,   64,   81,  191,  252,  315
TG, 0119, 2023071600_F102_432N_1524E_FOF, 2023071600, 03, GFSO, 204, 489N, 1770E,  17, 1006, XX,  34, NEQ, 0000, 0000, 0000, 0000, 1007,   81,  116,    118,  -1387,  -1755, N,   78,   66,   85,  164,  236,  309
TG, 0119, 2023071600_F102_432N_1524E_FOF, 2023071600, 03, GFSO, 216, 513N, 1796W,  18, 1007, XX,  34, NEQ, 0000, 0000, 0000, 0000, 1008,   82,  151,     65,   -986,  -1463, N,   54,   65,   80,  162,  238,  306
TG, 0119, 2023071600_F102_432N_1524E_FOF, 2023071600, 03, GFSO, 228, 535N, 1759W,  19, 1009, XX,  34, NEQ, 0000, 0000, 0000, 0000, 1010,  113,  157,     90,   -631,   -969, N,   40,   62,   90,  162,  239,  327
TG, 0119, 2023071600_F102_432N_1524E_FOF, 2023071600, 03, GFSO, 240, 553N, 1773W,  17, 1009, XX,  34, NEQ, 0000, 0000, 0000, 0000, 1012,  197,  113,     95,   -529,  -1588, N,  322,   47,  111,  196,  296,  392
TG, 0119, 2023071600_F102_432N_1524E_FOF, 2023071600, 03, GFSO, 252, 561N, 1794W,  15, 1011, XX,  34, NEQ, 0000, 0000, 0000, 0000, 1015,  193,  147,     12,   -567,  -1174, N,  295,   28,  107,  188,  299,  557
TG, 0119, 2023071600_F102_432N_1524E_FOF, 2023071600, 03, GFSO, 264, 563N, 1789E,  11, 1014, XX,  34, NEQ, 0000, 0000, 0000, 0000, 1015,   72,   73,    -97,   -565,  -2187, N,  290,   19,  101,  206,  277,  461
TG, 0119, 2023071600_F102_432N_1524E_FOF, 2023071600, 03, GFSO, 276, 570N, 1780E,  12, 1015, XX,  34, NEQ, 0000, 0000, 0000, 0000, -999, -999,  154,    -32,    423,  -2366, N,  310,   29,   73,  219,  222,  312
TG, 0128, 2023071600_F126_468N_1162E_FOF, 2023071600, 03, GFSO, 126, 468N, 1162E,  27, 1000, XX,  34, NEQ, 0000, 0000, 0000, 0000, 1001,   31,  138,   -999,  -9999,  -9999, Y,   34,   57,  116,  287,  233,  216
TG, 0128, 2023071600_F126_468N_1162E_FOF, 2023071600, 03, GFSO, 132, 476N, 1177E,  29, 1005, XX,  34, NEQ, 0000, 0000, 0000, 0000, 1006,    0,   88,    371,  -1017,  -1720, Y,   53,   54,  200,  774,  247,  623
TG, 0128, 2023071600_F126_468N_1162E_FOF, 2023071600, 03, GFSO, 138, 486N, 1182E,  13, 1007, XX,  34, NEQ, 0000, 0000, 0000, 0000, 1008,   35,   36,    289,   -935,  -1947, N,   36,   44,  159,  449,  239,  550
TG, 0128, 2023071600_F126_468N_1162E_FOF, 2023071600, 03, GFSO, 144, 494N, 1192E,  16, 1007, XX,  34, NEQ, 0000, 0000, 0000, 0000, 1008,   26,  104,    367,  -1073,  -1733, N,   53,   35,  187,  331,  273,  437
TG, 0128, 2023071600_F126_468N_1162E_FOF, 2023071600, 03, GFSO, 150, 498N, 1200E,  19, 1008, XX,  34, NEQ, 0000, 0000, 0000, 0000, -999, -999,   98,    364,   -900,  -1786, N,   64,   27,  225,  484,  348,  342
TG, 0128, 2023071600_F126_468N_1162E_FOF, 2023071600, 03, GFSO, 156, 496N, 1200E,  13, 1009, XX,  34, NEQ, 0000, 0000, 0000, 0000, -999, -999,   55,    -91,   -635,  -2159, N,  178,    7,  162,  323,  280,  377
TG, 0165, 2023071600_F168_437N_1244E_FOF, 2023071600, 03, GFSO, 168, 437N, 1244E,  10, 1003, XX,  34, NEQ, 0000, 0000, 0000, 0000, 1004,   66,  121,   -999,  -9999,  -9999, N,   56,   47,  171,  285,  236,  384
TG, 0165, 2023071600_F168_437N_1244E_FOF, 2023071600, 03, GFSO, 174, 457N, 1247E,  13, 1000, XX,  34, NEQ, 0000, 0000, 0000, 0000, 1003,  156,   92,    155,   -285,   -477, N,   23,   66,  102,  323,  258,  812
TG, 0165, 2023071600_F168_437N_1244E_FOF, 2023071600, 03, GFSO, 180, 461N, 1252E,  15,  998, XX,  34, NEQ, 0000, 0000, 0000, 0000, 1005,  250,   55,    182,    -71,   -147, N,   66,   26,  173,  896,  287,  938
TG, 0165, 2023071600_F168_437N_1244E_FOF, 2023071600, 03, GFSO, 192, 482N, 1267E,  14,  998, XX,  34, NEQ, 0000, 0000, 0000, 0000, 1004,  283,  130,    167,   -188,   -343, N,   41,   37,  156,  491,  244,  478
TG, 0165, 2023071600_F168_437N_1244E_FOF, 2023071600, 03, GFSO, 204, 502N, 1256E,  13,  997, XX,  34, NEQ, 0000, 0000, 0000, 0000,  999,   58,  105,    174,    -17,   -870, N,  321,   30,  223,  527,  299,  505
TG, 0165, 2023071600_F168_437N_1244E_FOF, 2023071600, 03, GFSO, 216, 506N, 1245E,  12,  998, XX,  34, NEQ, 0000, 0000, 0000, 0000, 1001,  168,  117,    127,    -40,  -1293, N,  294,   13,  157,  238,  287,  400
TG, 0165, 2023071600_F168_437N_1244E_FOF, 2023071600, 03, GFSO, 228, 504N, 1237E,  12, 1000, XX,  34, NEQ, 0000, 0000, 0000, 0000, -999, -999,  156,   -117,   -596,   -972, N,  289,    5,   98,  178,  198,  394
TG, 0165, 2023071600_F168_437N_1244E_FOF, 2023071600, 03, GFSO, 240, 507N, 1212E,  12, 1001, XX,  34, NEQ, 0000, 0000, 0000, 0000, 1002,   45,  149,   -134,   -509,  -1223, N,  289,   27,   86,  187,  263,  439
TG, 0165, 2023071600_F168_437N_1244E_FOF, 2023071600, 03, GFSO, 252, 499N, 1186E,  10, 1003, XX,  34, NEQ, 0000, 0000, 0000, 0000, -999, -999,   98,   -182,   -768,   -914, N,  248,   25,   93,  228,  257,  355
TG, 0180, 2023071600_F180_139N_1335E_FOF, 2023071600, 03, GFSO, 180, 139N, 1335E,  24, 1006, XX,  34, NEQ, 0000, 0000, 0000, 0000, 1007,   15,  155,   -999,  -9999,  -9999, Y,  347,   30,   62,  274,  125,  271
TG, 0180, 2023071600_F180_139N_1335E_FOF, 2023071600, 03, GFSO, 192, 147N, 1334E,  26, 1004, XX,  34, NEQ, 0000, 0000, 0000, 0000, 1005,   24,   82,    -28,    -83,    289, N,  360,   28,  258,  821,  208,  813
TG, 0180, 2023071600_F180_139N_1335E_FOF, 2023071600, 03, GFSO, 204, 150N, 1344E,  31, 1001, XX,  34, NEQ, 0000, 0000, 0000, 0000, 1005,   75,   61,    -53,    240,    253, N,   48,   26,  276,  975,  294,  743
TG, 0180, 2023071600_F180_139N_1335E_FOF, 2023071600, 03, GFSO, 216, 156N, 1360E,  35,  999, XX,  34, NEQ, 0040, 0000, 0000, 0000, 1005,   64,   39,    -20,    298,    428, Y,   54,   40,  444,  882,  360,  877
TG, 0180, 2023071600_F180_139N_1335E_FOF, 2023071600, 03, GFSO, 228, 169N, 1374E,  40,  993, XX,  34, NEQ, 0041, 0039, 0000, 0000, 1002,   41,   27,     26,    703,    707, Y,   37,   42,  399, 1424,  453, 1492
TG, 0180, 2023071600_F180_139N_1335E_FOF, 2023071600, 03, GFSO, 240, 188N, 1383E,  49,  993, XX,  34, NEQ, 0042, 0045, 0044, 0037, 1004,   68,   24,     51,    357,    770, Y,   23,   47,  570, 1540,  524, 1354
TG, 0180, 2023071600_F180_139N_1335E_FOF, 2023071600, 03, GFSO, 252, 207N, 1388E,  46,  989, XX,  34, NEQ, 0045, 0044, 0041, 0038, 1006,  165,   22,      6,    646,   1036, Y,   16,   41,  521, 1561,  555, 1579
TG, 0180, 2023071600_F180_139N_1335E_FOF, 2023071600, 03, GFSO, 264, 222N, 1391E,  55,  986, XX,  34, NEQ, 0049, 0054, 0046, 0034, 1003,   93,   29,    -55,    481,    887, Y,    8,   35,  572, 2002,  640, 1842
TG, 0180, 2023071600_F180_139N_1335E_FOF, 2023071600, 03, GFSO, 276, 231N, 1388E,  56,  981, XX,  34, NEQ, 0049, 0052, 0043, 0042,  999,   60,   24,    -89,    778,   1457, Y,  329,   24,  640, 2188,  692, 2084
TG, 0180, 2023071600_F180_139N_1335E_FOF, 2023071600, 03, GFSO, 288, 239N, 1380E,  61,  973, XX,  34, NEQ, 0221, 0050, 0000, 0048,  994,   41,   30,    -80,   1247,   1719, Y,  311,   31,  652, 2391,  714, 2414
TG, 0180, 2023071600_F180_139N_1335E_FOF, 2023071600, 03, GFSO, 300, 243N, 1366E,  73,  971, XX,  34, NEQ, 0105, 0081, 0048, 0070,  994,   41,   25,    -29,   1972,   1033, Y,  294,   41,  713, 2227,  756, 2015
TG, 0180, 2023071600_F180_139N_1335E_FOF, 2023071600, 03, GFSO, 312, 251N, 1353E,  74,  971, XX,  34, NEQ, 0109, 0102, 0049, 0064,  992,   62,   24,   -124,   1163,   1379, Y,  309,   40,  831, 2460,  794, 2381
TG, 0180, 2023071600_F180_139N_1335E_FOF, 2023071600, 03, GFSO, 324, 258N, 1343E,  61,  971, XX,  34, NEQ, 0126, 0155, 0051, 0075,  990,   62,   39,   -143,   1729,   1549, Y,  315,   37,  722, 2158,  812, 1929
TG, 0180, 2023071600_F180_139N_1335E_FOF, 2023071600, 03, GFSO, 336, 269N, 1331E,  59,  972, XX,  34, NEQ, 0156, 0164, 0065, 0066,  992,   57,   39,    -93,   1932,   1043, Y,  333,   40,  784, 2138,  762, 1769
TG, 0180, 2023071600_F180_139N_1335E_FOF, 2023071600, 03, GFSO, 348, 279N, 1326E,  57,  974, XX,  34, NEQ, 0142, 0130, 0062, 0067,  983,   40,   32,   -126,   1518,   1466, Y,  350,   33,  696, 1914,  752, 1553
TG, 0180, 2023071600_F180_139N_1335E_FOF, 2023071600, 03, GFSO, 360, 292N, 1328E,  59,  971, XX,  34, NEQ, 0143, 0159, 0078, 0066,  992,   56,   38,   -113,   1342,   1876, Y,   17,   44,  814, 1977,  877, 1888
TG, 0180, 2023071600_F180_139N_1335E_FOF, 2023071600, 03, GFSO, 372, 309N, 1339E,  81,  959, XX,  34, NEQ, 0133, 0159, 0077, 0098,  970,   26,   30,    -87,   1230,   1932, Y,   29,   53,  760, 1462,  842, 1772
TG, 0180, 2023071600_F180_139N_1335E_FOF, 2023071600, 03, GFSO, 384, 325N, 1359E,  79,  959, XX,  34, NEQ, 0143, 0178, 0125, 0094,  982,   45,   31,    -48,   1209,   2412, Y, -999, -999,  899, 1642,  936, 1637
TG, 0188, 2023071600_F204_401N_1293E_FOF, 2023071600, 03, GFSO, 204, 401N, 1293E,  24, 1002, XX,  34, NEQ, 0000, 0000, 0000, 0000, 1003,   37,   70,   -999,  -9999,  -9999, N,   87,   80,  130,  377,  176,  352
TG, 0188, 2023071600_F204_401N_1293E_FOF, 2023071600, 03, GFSO, 216, 403N, 1317E,  18, 1004, XX,  34, NEQ, 0000, 0000, 0000, 0000, 1005,   38,  153,    227,  -1024,  -1365, N,   84,   63,  135,  277,  161,  197
TG, 0188, 2023071600_F204_401N_1293E_FOF, 2023071600, 03, GFSO, 228, 412N, 1345E,  12, 1005, XX,  34, NEQ, 0000, 0000, 0000, 0000, -999, -999,  134,    158,   -843,  -1363, N,   77,   59,   46,  271,  165,  159
TG, 0193, 2023071600_F228_193N_1425E_FOF, 2023071600, 03, GFSO, 228, 193N, 1425E,  36, 1005, XX,  34, NEQ, 0033, 0000, 0000, 0000, 1007,   30,   32,   -999,  -9999,  -9999, Y,  337,   69,  235,  657,  327, 1008
TG, 0193, 2023071600_F228_193N_1425E_FOF, 2023071600, 03, GFSO, 240, 221N, 1411E,  31, 1005, XX,  34, NEQ, 0000, 0000, 0000, 0000, 1006,    0,   31,    -68,    838,    792, N,  334,   73,  195,  518,  239,  408
TG, 0193, 2023071600_F228_193N_1425E_FOF, 2023071600, 03, GFSO, 252, 241N, 1391E,  27, 1005, XX,  34, NEQ, 0000, 0000, 0000, 0000, -999, -999,  154,    -56,    955,   1105, Y,  309,   57,  141,  426,  555,  607
TG, 0199, 2023071600_F240_452N_1585E_FOF, 2023071600, 03, GFSO, 240, 452N, 1585E,  19, 1007, XX,  34, NEQ, 0000, 0000, 0000, 0000, 1009,  197,  113,   -999,  -9999,  -9999, N,   87,   90,  169,  378,  220,  333
TG, 0199, 2023071600_F240_452N_1585E_FOF, 2023071600, 03, GFSO, 252, 462N, 1645E,  20, 1006, XX,  34, NEQ, 0000, 0000, 0000, 0000, 1012,  400,  135,    557,  -1520,  -3409, N,   79,  101,  177,  313,  251,  479
TG, 0199, 2023071600_F240_452N_1585E_FOF, 2023071600, 03, GFSO, 264, 487N, 1693E,  27, 1003, XX,  34, NEQ, 0000, 0000, 0000, 0000, 1014,  456,   94,    597,  -1258,  -2971, N,   65,   92,  183,  527,  217,  532
TG, 0199, 2023071600_F240_452N_1585E_FOF, 2023071600, 03, GFSO, 276, 498N, 1710E,  27, 1003, XX,  34, NEQ, 0000, 0000, 0000, 0000, 1016,  406,   76,    606,  -1225,  -2402, N,   68,   57,  257,  487,  334,  461
TG, 0199, 2023071600_F240_452N_1585E_FOF, 2023071600, 03, GFSO, 288, 506N, 1757E,  29, 1006, XX,  34, NEQ, 0000, 0000, 0000, 0000, -999, -999,  157,    420,  -1621,  -2770, N,   79,  106,  159,  310,  322,  449
TG, 0201, 2023071600_F252_474N_1222E_FOF, 2023071600, 03, GFSO, 252, 474N, 1222E,   8, 1002, XX,  34, NEQ, 0000, 0000, 0000, 0000, 1003,   58,  160,   -999,  -9999,  -9999, N,   40,   14,  122,   94,  125,  191
TG, 0201, 2023071600_F252_474N_1222E_FOF, 2023071600, 03, GFSO, 264, 475N, 1227E,  12, 1005, XX,  34, NEQ, 0000, 0000, 0000, 0000, 1006,   70,   87,    114,  -1031,  -1049, N,   90,   11,   87,  224,  180,  198
TG, 0201, 2023071600_F252_474N_1222E_FOF, 2023071600, 03, GFSO, 276, 476N, 1229E,  10, 1005, XX,  34, NEQ, 0000, 0000, 0000, 0000, -999, -999,   94,     28,   -783,  -1016, N,  109,   12,  101,  195,  201,  375
TG, 0202, 2023071600_F264_464N_1317E_FOF, 2023071600, 03, GFSO, 264, 464N, 1317E,  13, 1006, XX,  34, NEQ, 0000, 0000, 0000, 0000, 1007,   77,  128,   -999,  -9999,  -9999, N,   44,   36,  123,  242,  223,  368
TG, 0202, 2023071600_F264_464N_1317E_FOF, 2023071600, 03, GFSO, 276, 472N, 1325E,  11, 1007, XX,  34, NEQ, 0000, 0000, 0000, 0000, 1008,   58,   61,    126,   -718,   -792, N,   54,   22,   89,  194,  216,  275
TG, 0202, 2023071600_F264_464N_1317E_FOF, 2023071600, 03, GFSO, 288, 474N, 1337E,   9, 1009, XX,  34, NEQ, 0000, 0000, 0000, 0000, 1011,  133,  135,    216,   -732,   -885, N,   86,   20,  103,  218,  246,  308
TG, 0202, 2023071600_F264_464N_1317E_FOF, 2023071600, 03, GFSO, 300, 474N, 1346E,   9, 1011, XX,  34, NEQ, 0000, 0000, 0000, 0000, -999, -999,  145,    200,   -861,   -788, N,   99,   14,  104,  140,  187,  327
TG, 0206, 2023071600_F276_048N_1437E_FOF, 2023071600, 03, GFSO, 276,  48N, 1437E,  22, 1007, XX,  34, NEQ, 0000, 0000, 0000, 0000, 1009,  141,   90,   -999,  -9999,  -9999, N,  232,   17,  143,  355,   61,  278
TG, 0206, 2023071600_F276_048N_1437E_FOF, 2023071600, 03, GFSO, 288,  49N, 1443E,  28, 1004, XX,  34, NEQ, 0000, 0000, 0000, 0000, 1006,   60,  126,    -90,    200,     61, Y,   31,    4,  188,  378,  171,  483
TG, 0206, 2023071600_F276_048N_1437E_FOF, 2023071600, 03, GFSO, 300,  62N, 1439E,  28, 1006, XX,  34, NEQ, 0000, 0000, 0000, 0000, 1008,   96,   53,     26,    -90,    231, N,  328,   29,  145,  404,  137,  203
TG, 0206, 2023071600_F276_048N_1437E_FOF, 2023071600, 03, GFSO, 312,  72N, 1436E,  24, 1006, XX,  34, NEQ, 0000, 0000, 0000, 0000, 1008,  135,  132,     39,   -260,   -268, N,  342,   30,  153,  250,  118,  202
TG, 0206, 2023071600_F276_048N_1437E_FOF, 2023071600, 03, GFSO, 324,  83N, 1434E,  21, 1006, XX,  34, NEQ, 0000, 0000, 0000, 0000, 1008,  148,  128,     18,    -38,    210, Y,  349,   28,  152,  229,  127,  187
TG, 0206, 2023071600_F276_048N_1437E_FOF, 2023071600, 03, GFSO, 336,  91N, 1428E,  27, 1005, XX,  34, NEQ, 0000, 0000, 0000, 0000, 1006,   80,  125,     80,   -334,    127, N,  334,   26,  146,  250,  116,  173
TG, 0206, 2023071600_F276_048N_1437E_FOF, 2023071600, 03, GFSO, 348, 108N, 1433E,  27, 1006, XX,  34, NEQ, 0000, 0000, 0000, 0000, -999, -999,  126,    -70,   -131,    204, N,  356,   40,  133,  225,  114,  172
TG, 0209, 2023071600_F288_458N_1403E_FOF, 2023071600, 03, GFSO, 288, 458N, 1403E,  27, 1009, XX,  34, NEQ, 0000, 0000, 0000, 0000, 1011,   90,  143,   -999,  -9999,  -9999, N,   71,   57,   59,  245,  132,  204
TG, 0209, 2023071600_F288_458N_1403E_FOF, 2023071600, 03, GFSO, 300, 465N, 1414E,  24, 1010, XX,  34, NEQ, 0000, 0000, 0000, 0000, 1012,  121,   92,    284,   -979,  -1137, N,   66,   33,  100,  121,  212,  192
TG, 0209, 2023071600_F288_458N_1403E_FOF, 2023071600, 03, GFSO, 312, 466N, 1444E,  23, 1012, XX,  34, NEQ, 0000, 0000, 0000, 0000, -999, -999,  157,    359,   -727,  -1091, N,   85,   41,   64,  219,  172,  194
TG, 0211, 2023071600_F300_437N_1091E_FOF, 2023071600, 03, GFSO, 300, 437N, 1091E,  29,  994, XX,  34, NEQ, 0000, 0000, 0000, 0000,  995,   27,  151,   -999,  -9999,  -9999, N,   50,   35,  115,  706,  120,  451
TG, 0211, 2023071600_F300_437N_1091E_FOF, 2023071600, 03, GFSO, 312, 461N, 1119E,  17, 1000, XX,  34, NEQ, 0000, 0000, 0000, 0000, 1003,  151,  108,    341,  -1430,  -1066, N,   53,   64,  145,  398,  172,  423
TG, 0211, 2023071600_F300_437N_1091E_FOF, 2023071600, 03, GFSO, 324, 480N, 1128E,  19,  999, XX,  34, NEQ, 0000, 0000, 0000, 0000, 1001,   59,   68,    344,  -1675,  -1175, N,   48,   45,  135,  623,  276,  477
TG, 0211, 2023071600_F300_437N_1091E_FOF, 2023071600, 03, GFSO, 336, 493N, 1162E,  18, 1000, XX,  34, NEQ, 0000, 0000, 0000, 0000, -999, -999,   85,    243,   -889,   -895, N,   66,   54,  185,  275,  250,  360
TG, 0211, 2023071600_F300_437N_1091E_FOF, 2023071600, 03, GFSO, 348, 517N, 1176E,  13,  999, XX,  34, NEQ, 0000, 0000, 0000, 0000, 1000,   22,  148,     96,   -195,   -359, N,   36,   50,  146,  499,  259,  347
TG, 0211, 2023071600_F300_437N_1091E_FOF, 2023071600, 03, GFSO, 360, 539N, 1166E,  14,  999, XX,  34, NEQ, 0000, 0000, 0000, 0000, 1000,   42,  109,     47,   -133,   -667, N,    6,   41,  139,  267,  286,  375
TG, 0211, 2023071600_F300_437N_1091E_FOF, 2023071600, 03, GFSO, 372, 548N, 1182E,   6, 1000, XX,  34, NEQ, 0000, 0000, 0000, 0000, -999, -999,  133,    142,   -274,  -1044, N,   64,   32,   85,  198,  266,  431
TG, 0214, 2023071600_F312_204N_1064E_FOF, 2023071600, 03, GFSO, 312, 204N, 1064E,  26,  997, XX,  34, NEQ, 0000, 0000, 0000, 0000,  999,  161,  146,   -999,  -9999,  -9999, N,   99,   50,   78,  197,  127,  178
TG, 0214, 2023071600_F312_204N_1064E_FOF, 2023071600, 03, GFSO, 324, 204N, 1077E,  20,  996, XX,  34, NEQ, 0000, 0000, 0000, 0000,  998,  171,  146,     -8,    216,    190, N,   82,   31,   73,  110,  118,  145
TG, 0214, 2023071600_F312_204N_1064E_FOF, 2023071600, 03, GFSO, 336, 203N, 1071E,  21,  999, XX,  34, NEQ, 0000, 0000, 0000, 0000, 1001,  121,  108,    -29,    -37,    312, N,   41,    9,   64,  198,  117,  151
TG, 0214, 2023071600_F312_204N_1064E_FOF, 2023071600, 03, GFSO, 348, 191N, 1063E,  17,  999, XX,  34, NEQ, 0000, 0000, 0000, 0000, 1000,  113,   51,    -47,    166,      7, N,  146,    8,   63,  158,  110,  190
TG, 0214, 2023071600_F312_204N_1064E_FOF, 2023071600, 03, GFSO, 360, 195N, 1068E,  21, 1001, XX,  34, NEQ, 0000, 0000, 0000, 0000, 1003,  160,  155,     20,    109,    -15, N,   41,   21,   65,  136,   73,  121
TG, 0214, 2023071600_F312_204N_1064E_FOF, 2023071600, 03, GFSO, 372, 193N, 1067E,  13, 1000, XX,  34, NEQ, 0000, 0000, 0000, 0000, -999, -999,   52,      9,    257,   -337, N,   20,   11,   50,  134,   84,  117
TG, 0214, 2023071600_F312_204N_1064E_FOF, 2023071600, 03, GFSO, 384, 195N, 1068E,  22, 1002, XX,  34, NEQ, 0000, 0000, 0000, 0000, 1003,   72,  156,      2,    229,   -364, N, -999, -999,   62,  153,   76,   90
TG, 0222, 2023071600_F324_060N_1592E_FOF, 2023071600, 03, GFSO, 324,  60N, 1592E,  20, 1007, XX,  34, NEQ, 0000, 0000, 0000, 0000, 1008,    0,   86,   -999,  -9999,  -9999, Y,  291,   60,   77,  408,  110,  272
TG, 0222, 2023071600_F324_060N_1592E_FOF, 2023071600, 03, GFSO, 336,  68N, 1575E,  21, 1008, XX,  34, NEQ, 0000, 0000, 0000, 0000, 1009,   67,   12,    -11,    117,     32, N,  302,   49,  178,  477,  200,  487
TG, 0222, 2023071600_F324_060N_1592E_FOF, 2023071600, 03, GFSO, 348,  72N, 1563E,  19, 1008, XX,  34, NEQ, 0000, 0000, 0000, 0000, 1009,   56,   74,    -31,    114,     40, N,  301,   34,  188,  392,  196,  295
TG, 0222, 2023071600_F324_060N_1592E_FOF, 2023071600, 03, GFSO, 360,  70N, 1557E,  20, 1008, XX,  34, NEQ, 0000, 0000, 0000, 0000, 1009,   34,   50,    -46,    -22,    150, N,  290,   18,  177,  482,  172,  450
TG, 0222, 2023071600_F324_060N_1592E_FOF, 2023071600, 03, GFSO, 372,  58N, 1555E,  25, 1008, XX,  34, NEQ, 0000, 0000, 0000, 0000, 1009,   60,   61,     -1,     65,     -3, N,  209,   22,  144,  287,  111,  189
TG, 0222, 2023071600_F324_060N_1592E_FOF, 2023071600, 03, GFSO, 384,  34N, 1546E,  21, 1007, XX,  34, NEQ, 0000, 0000, 0000, 0000, -999, -999,   53,    -50,    -53,     61, N, -999, -999,  124,  236,  154,  366
TG, 0223, 2023071600_F324_442N_1529E_FOF, 2023071600, 03, GFSO, 324, 442N, 1529E,  23, 1013, XX,  34, NEQ, 0000, 0000, 0000, 0000, 1014,   75,  112,   -999,  -9999,  -9999, N,   84,   70,  133,  264,  186,  273
TG, 0223, 2023071600_F324_442N_1529E_FOF, 2023071600, 03, GFSO, 336, 445N, 1585E,  22, 1014, XX,  34, NEQ, 0000, 0000, 0000, 0000, 1015,   72,   85,    287,   -654,  -1342, N,   87,   88,  132,  262,  185,  281
TG, 0223, 2023071600_F324_442N_1529E_FOF, 2023071600, 03, GFSO, 348, 444N, 1632E,  17, 1016, XX,  34, NEQ, 0000, 0000, 0000, 0000, 1017,  104,  140,    251,   -700,  -1232, N,   89,   85,  127,  139,  170,  261
TG, 0223, 2023071600_F324_442N_1529E_FOF, 2023071600, 03, GFSO, 360, 451N, 1679E,  15, 1016, XX,  34, NEQ, 0000, 0000, 0000, 0000, 1017,  103,  159,    317,  -1128,  -1128, N,   81,   88,  103,  202,  192,  266
TG, 0223, 2023071600_F324_442N_1529E_FOF, 2023071600, 03, GFSO, 372, 462N, 1711E,  14, 1014, XX,  34, NEQ, 0000, 0000, 0000, 0000, 1016,  153,  155,    384,  -1267,  -1849, N,   76,   77,  128,  263,  215,  295
TG, 0223, 2023071600_F324_442N_1529E_FOF, 2023071600, 03, GFSO, 384, 473N, 1743E,  16, 1014, XX,  34, NEQ, 0000, 0000, 0000, 0000, 1018,  187,  148,    366,  -1021,  -2165, N, -999, -999,  103,  272,  207,  271
TG, 0224, 2023071600_F324_467N_1764E_FOF, 2023071600, 03, GFSO, 324, 467N, 1764E,  21, 1018, XX,  34, NEQ, 0000, 0000, 0000, 0000, 1021,  165,  123,   -999,  -9999,  -9999, N,   74,  147,  160,  343,  173,  442
TG, 0224, 2023071600_F324_467N_1764E_FOF, 2023071600, 03, GFSO, 336, 485N, 1743W,  25, 1015, XX,  34, NEQ, 0000, 0000, 0000, 0000, 1016,   53,  114,    751,  -2720,  -2692, N,   78,  172,  179,  355,  289,  576
TG, 0224, 2023071600_F324_467N_1764E_FOF, 2023071600, 03, GFSO, 348, 500N, 1639W,  25, 1015, XX,  34, NEQ, 0000, 0000, 0000, 0000, -999, -999,  117,    676,  -2981,  -2537, N,   80,  187,  170,  336,  258,  404
TG, 0229, 2023071600_F348_433N_1189E_FOF, 2023071600, 03, GFSO, 348, 433N, 1189E,  16, 1002, XX,  34, NEQ, 0000, 0000, 0000, 0000, 1004,   73,   73,   -999,  -9999,  -9999, N,   55,   41,  114,  840,  202,  845
TG, 0229, 2023071600_F348_433N_1189E_FOF, 2023071600, 03, GFSO, 360, 444N, 1209E,  13, 1003, XX,  34, NEQ, 0000, 0000, 0000, 0000, -999, -999,  123,    189,   -781,  -1444, N,   61,   47,  125,  138,  316,  190
TG, 0229, 2023071600_F348_433N_1189E_FOF, 2023071600, 03, GFSO, 372, 461N, 1219E,  15,  998, XX,  34, NEQ, 0000, 0000, 0000, 0000, 1001,  117,   45,     40,   -643,   -910, N,   51,   42,  207,  456,  307,  638
TG, 0229, 2023071600_F348_433N_1189E_FOF, 2023071600, 03, GFSO, 384, 471N, 1240E,  14,  998, XX,  34, NEQ, 0000, 0000, 0000, 0000, 1000,   64,  123,    218,    -97,   -686, N, -999, -999,  192,  315,  236,  424
TG, 0231, 2023071600_F348_104N_1354E_FOF, 2023071600, 03, GFSO, 348, 104N, 1354E,  25, 1004, XX,  34, NEQ, 0000, 0000, 0000, 0000, 1005,   15,  155,   -999,  -9999,  -9999, N,  330,   12,  148,  370,   74,  223
TG, 0231, 2023071600_F348_104N_1354E_FOF, 2023071600, 03, GFSO, 360, 111N, 1335E,  34, 1002, XX,  34, NEQ, 0000, 0000, 0100, 0000, 1003,   34,   99,    117,     28,    134, Y,  305,   37,  241,  287,  314,  225
TG, 0231, 2023071600_F348_104N_1354E_FOF, 2023071600, 03, GFSO, 372, 117N, 1321E,  41, 1001, XX,  34, NEQ, 0000, 0000, 0122, 0000, 1003,   72,  121,    132,   -587,    453, N,  308,   26,  205,  426,  207,  379
TG, 0231, 2023071600_F348_104N_1354E_FOF, 2023071600, 03, GFSO, 384, 116N, 1309E,  38, 1001, XX,  34, NEQ, 0000, 0000, 0104, 0000, 1002,   44,  101,    144,   -299,    288, Y, -999, -999,  346,  661,  284,  460
TG, 0234, 2023071600_F360_106N_1284E_FOF, 2023071600, 03, GFSO, 360, 106N, 1284E,  31, 1004, XX,  34, NEQ, 0000, 0000, 0000, 0000, 1006,   30,  142,   -999,  -9999,  -9999, Y,  148,   38,  205,  339,  334,  548
TG, 0234, 2023071600_F360_106N_1284E_FOF, 2023071600, 03, GFSO, 372, 102N, 1309E,  41, 1002, XX,  34, NEQ, 0000, 0032, 0000, 0000, 1003,   32,   17,   -165,   -151,    387, Y,   88,   47,  212,  511,  196,  703
TG, 0234, 2023071600_F360_106N_1284E_FOF, 2023071600, 03, GFSO, 384, 112N, 1310E,  38, 1001, XX,  34, NEQ, 0000, 0000, 0085, 0000, -999, -999,   81,    -43,   -103,    296, Y, -999, -999,  346,  661,  284,  460
TG, 0236, 2023071600_F360_352N_1396E_FOF, 2023071600, 03, GFSO, 360, 352N, 1396E,  27, 1006, XX,  34, NEQ, 0000, 0000, 0000, 0000, 1008, -999,   43,   -999,  -9999,  -9999, Y,   53,   60,   83,  320,  181,  419
TG, 0236, 2023071600_F360_352N_1396E_FOF, 2023071600, 03, GFSO, 372, 371N, 1426E,  25, 1007, XX,  34, NEQ, 0000, 0000, 0000, 0000, -999, -999,   69,     74,   -994,  -1801, N,   65,   70,   97,  322,  131,  270
TG, 0236, 2023071600_F360_352N_1396E_FOF, 2023071600, 03, GFSO, 384, 379N, 1467E,  27, 1007, XX,  34, NEQ, 0000, 0000, 0000, 0000, 1008,   71,   59,    147,   -896,  -1698, Y, -999, -999,   97,  316,  187,  394
TG, 0237, 2023071600_F360_417N_1466E_FOF, 2023071600, 03, GFSO, 360, 417N, 1466E,  28, 1008, XX,  34, NEQ, 0000, 0000, 0000, 0000, 1009,   61,  104,   -999,  -9999,  -9999, N,   62,   73,  162,  675,  195,  318
TG, 0237, 2023071600_F360_417N_1466E_FOF, 2023071600, 03, GFSO, 372, 441N, 1495E,  24, 1003, XX,  34, NEQ, 0000, 0000, 0000, 0000, 1009,  161,  142,    262,   -505,  -1321, N,   54,   63,  249,  624,  324,  354
TG, 0237, 2023071600_F360_417N_1466E_FOF, 2023071600, 03, GFSO, 384, 450N, 1509E,  25, 1002, XX,  34, NEQ, 0000, 0000, 0000, 0000, 1008,  155,  154,    117,   -457,  -1080, N, -999, -999,  126,  433,  333,  628
WP,  04W, 2023071600_F000_191N_1163E_04W, 2023071600, 03, GFSO, 000, 188N, 1159E,  47,  983, XX,  34, NEQ, 0098, 0127, 0126, 0070,  989,   36,   60,   -999,  -9999,  -9999, Y,  323,   24,  511,  793,  506,  787
WP,  04W, 2023071600_F000_191N_1163E_04W, 2023071600, 03, GFSO, 006, 195N, 1155E,  53,  980, XX,  34, NEQ, 0117, 0115, 0149, 0077,  986,   41,   64,     32,    602,    830, Y,  338,   36,  502, 1058,  551,  957
WP,  04W, 2023071600_F000_191N_1163E_04W, 2023071600, 03, GFSO, 012, 198N, 1144E,  50,  979, XX,  34, NEQ, 0121, 0141, 0171, 0086,  992,   97,   37,     94,    738,    905, Y,  296,   42,  543, 1036,  554,  920
WP,  04W, 2023071600_F000_191N_1163E_04W, 2023071600, 03, GFSO, 018, 199N, 1136E,  62,  974, XX,  34, NEQ, 0136, 0140, 0117, 0125,  982,   41,   35,     66,    781,    774, Y,  307,   32,  746, 1414,  768, 1293
WP,  04W, 2023071600_F000_191N_1163E_04W, 2023071600, 03, GFSO, 024, 204N, 1127E,  67,  971, XX,  34, NEQ, 0139, 0106, 0087, 0093,  986,   63,   29,      4,   1158,   1169, Y,  309,   42,  863, 1708,  786, 1488
WP,  04W, 2023071600_F000_191N_1163E_04W, 2023071600, 03, GFSO, 030, 208N, 1116E,  62,  969, XX,  34, NEQ, 0082, 0086, 0062, 0067,  985,   56,   29,      1,   1381,   1312, Y,  301,   40,  839, 1773,  771, 1449
WP,  04W, 2023071600_F000_191N_1163E_04W, 2023071600, 03, GFSO, 036, 210N, 1106E,  51,  970, XX,  34, NEQ, 0085, 0080, 0082, 0090,  984,   41,   36,    -26,   1284,   1137, Y,  289,   35,  659, 1569,  756, 1685
WP,  04W, 2023071600_F000_191N_1163E_04W, 2023071600, 03, GFSO, 042, 214N, 1097E,  47,  975, XX,  34, NEQ, 0045, 0079, 0086, 0065,  982,   41,   37,    -34,    835,    944, Y,  300,   38,  762, 1682,  631, 1293
WP,  04W, 2023071600_F000_191N_1163E_04W, 2023071600, 03, GFSO, 048, 219N, 1089E,  42,  979, XX,  34, NEQ, 0000, 0060, 0065, 0000,  990,   56,   21,    -28,    754,    866, Y,  305,   35,  671, 1318,  616, 1306
WP,  04W, 2023071600_F000_191N_1163E_04W, 2023071600, 03, GFSO, 054, 223N, 1082E,  30,  984, XX,  34, NEQ, 0000, 0000, 0000, 0000,  997,  112,  110,    -42,    679,    780, Y,  308,   35,  542, 1273,  489,  943
WP,  04W, 2023071600_F000_191N_1163E_04W, 2023071600, 03, GFSO, 060, 226N, 1077E,  21,  994, XX,  34, NEQ, 0000, 0000, 0000, 0000,  999,  103,  123,    -13,    -53,    346, Y,  310,   29,  385,  847,  408,  672
WP,  04W, 2023071600_F000_191N_1163E_04W, 2023071600, 03, GFSO, 066, 230N, 1073E,  17,  998, XX,  34, NEQ, 0000, 0000, 0000, 0000, 1000,  172,  111,      6,   -258,    263, Y,  325,   33,  205,  609,  279,  463
WP,  04W, 2023071600_F000_191N_1163E_04W, 2023071600, 03, GFSO, 072, 242N, 1061E,  14, 1002, XX,  34, NEQ, 0000, 0000, 0000, 0000, -999, -999,  107,      3,   -199,     -8, Y,  317,   59,  152,  392,  245,  484
WP,  04W, 2023071600_F000_191N_1163E_04W, 2023071600, 03, GFSO, 078, 245N, 1065E,  10, 1003, XX,  34, NEQ, 0000, 0000, 0000, 0000, -999, -999,  139,    179,   -224,    107, Y,    8,   22,   97,  267,  176,  252
