TG, 0002, 2023071500_F000_451N_1249E_FOF, 2023071500, 03,  UKX, 000, 451N, 1249E,   0,  992, XX,  34, NEQ, 0000, 0000, 0000, 0000,  996,  200,    0,   -999,  -9999,  -9999, N,  192,   19,  134,  146,  -99,  -99
TG, 0002, 2023071500_F000_451N_1249E_FOF, 2023071500, 03,  UKX, 006, 448N, 1263E,   0,  993, XX,  34, NEQ, 0000, 0000, 0000, 0000,  998,  244,    0,    223,     66,  -1753, N,  100,   34,   88,   98,  -99,  -99
TG, 0002, 2023071500_F000_451N_1249E_FOF, 2023071500, 03,  UKX, 012, 449N, 1264E,   0,  997, XX,  34, NEQ, 0000, 0000, 0000, 0000, 1002,  300,    0,    224,    104,  -1577, N,   91,    4,   92,   89,  -99,  -99
TG, 0002, 2023071500_F000_451N_1249E_FOF, 2023071500, 03,  UKX, 018, 444N, 1252E,   0,  998, XX,  34, NEQ, 0000, 0000, 0000, 0000, 1003,  308,    0,   -206,    168,  -1408, N,  226,   22,   98,  114,  -99,  -99
TG, 0002, 2023071500_F000_451N_1249E_FOF, 2023071500, 03,  UKX, 024, 449N, 1259E,   0, 1000, XX,  34, NEQ, 0000, 0000, 0000, 0000, 1005,  311,    0,    202,    186,  -1361, N,   70,   21,  101,  125,  -99,  -99
TG, 0002, 2023071500_F000_451N_1249E_FOF, 2023071500, 03,  UKX, 030, 450N, 1269E,   0, 1002, XX,  34, NEQ, 0000, 0000, 0000, 0000, 1003,   81,    0,    181,   -321,  -1665, N,   87,   30,   87,  105,  -99,  -99
TG, 0002, 2023071500_F000_451N_1249E_FOF, 2023071500, 03,  UKX, 036, 453N, 1277E,   0, 1005, XX,  34, NEQ, 0000, 0000, 0000, 0000, 1007,  136,    0,    207,   -515,  -1750, N,   76,   29,   67,   93,  -99,  -99
TG, 0002, 2023071500_F000_451N_1249E_FOF, 2023071500, 03,  UKX, 042, 461N, 1285E,   0, 1006, XX,  34, NEQ, 0000, 0000, 0000, 0000, 1008,  172,    0,    168,   -400,  -1372, N,   60,   35,   73,   93,  -99,  -99
TG, 0002, 2023071500_F000_451N_1249E_FOF, 2023071500, 03,  UKX, 048, 464N, 1279E,   0, 1008, XX,  34, NEQ, 0000, 0000, 0000, 0000, 1010,  199,    0,    -34,   -253,  -1245, N,  317,    5,   81,  113,  -99,  -99
TG, 0002, 2023071500_F000_451N_1249E_FOF, 2023071500, 03,  UKX, 060, 474N, 1293E,   0, 1010, XX,  34, NEQ, 0000, 0000, 0000, 0000, -999, -999,    0,     99,   -754,   -855, N,   65,   20,   54,   63,  -99,  -99
TG, 0003, 2023071500_F000_432N_1359E_FOF, 2023071500, 03,  UKX, 000, 432N, 1359E,   0,  996, XX,  34, NEQ, 0000, 0000, 0000, 0000,  997,   93,    0,   -999,  -9999,  -9999, N,   58,   87,  140,  166,  -99,  -99
TG, 0003, 2023071500_F000_432N_1359E_FOF, 2023071500, 03,  UKX, 006, 435N, 1366E,   0,  997, XX,  34, NEQ, 0000, 0000, 0000, 0000,  998,   39,    0,    407,  -1286,  -1920, N,   66,   58,  146,  176,  -99,  -99
TG, 0003, 2023071500_F000_432N_1359E_FOF, 2023071500, 03,  UKX, 012, 440N, 1373E,   0, 1000, XX,  34, NEQ, 0000, 0000, 0000, 0000, 1002,  103,    0,    357,  -1148,  -1997, N,   62,   52,  125,  143,  -99,  -99
TG, 0003, 2023071500_F000_432N_1359E_FOF, 2023071500, 03,  UKX, 018, 441N, 1382E,   0, 1001, XX,  34, NEQ, 0000, 0000, 0000, 0000, 1003,  114,    0,    396,  -1288,  -2042, Y,   77,   55,  110,  124,  -99,  -99
TG, 0003, 2023071500_F000_432N_1359E_FOF, 2023071500, 03,  UKX, 024, 444N, 1392E,   0, 1004, XX,  34, NEQ, 0000, 0000, 0000, 0000, 1005,   59,    0,    327,  -1254,  -2136, N,   77,   52,   90,   95,  -99,  -99
TG, 0003, 2023071500_F000_432N_1359E_FOF, 2023071500, 03,  UKX, 030, 447N, 1400E,   0, 1006, XX,  34, NEQ, 0000, 0000, 0000, 0000, 1007,   85,    0,    311,  -1157,  -2154, N,   79,   51,   82,   97,  -99,  -99
TG, 0003, 2023071500_F000_432N_1359E_FOF, 2023071500, 03,  UKX, 036, 447N, 1401E,   0, 1009, XX,  34, NEQ, 0000, 0000, 0000, 0000, -999, -999,    0,    238,   -957,  -2246, N,   85,   36,   61,   75,  -99,  -99
TG, 0003, 2023071500_F000_432N_1359E_FOF, 2023071500, 03,  UKX, 042, 445N, 1409E,   0, 1010, XX,  34, NEQ, 0000, 0000, 0000, 0000, -999, -999,    0,    281,   -923,  -2122, N,   94,   58,   59,   72,  -99,  -99
TG, 0005, 2023071500_F000_480N_1525E_FOF, 2023071500, 03,  UKX, 000, 480N, 1525E,   0, 1004, XX,  34, NEQ, 0000, 0000, 0000, 0000, 1009,  237,    0,   -999,  -9999,  -9999, N,   34,   13,  165,  180,  -99,  -99
TG, 0005, 2023071500_F000_480N_1525E_FOF, 2023071500, 03,  UKX, 006, 481N, 1524E,   0, 1005, XX,  34, NEQ, 0000, 0000, 0000, 0000, 1008,  155,    0,   -118,   -287,  -1418, N,   33,    9,  151,  162,  -99,  -99
TG, 0005, 2023071500_F000_480N_1525E_FOF, 2023071500, 03,  UKX, 012, 481N, 1521E,   0, 1007, XX,  34, NEQ, 0000, 0000, 0000, 0000, 1008,   52,    0,   -114,   -340,  -2016, N,  310,    4,  152,  171,  -99,  -99
TG, 0005, 2023071500_F000_480N_1525E_FOF, 2023071500, 03,  UKX, 018, 482N, 1519E,   0, 1007, XX,  34, NEQ, 0000, 0000, 0000, 0000, -999, -999,    0,   -285,   -406,  -2355, N,   47,    3,  129,  144,  -99,  -99
TG, 0005, 2023071500_F000_480N_1525E_FOF, 2023071500, 03,  UKX, 024, 473N, 1515E,   0, 1008, XX,  34, NEQ, 0000, 0000, 0000, 0000, -999, -999,    0,    164,   -594,  -2965, N,  167,   26,  109,  123,  -99,  -99
TG, 0007, 2023071500_F018_411N_1483E_FOF, 2023071500, 03,  UKX, 018, 411N, 1483E,   0, 1003, XX,  34, NEQ, 0000, 0000, 0000, 0000, 1004,   59,    0,   -999,  -9999,  -9999, N,   91,  108,  115,  143,  -99,  -99
TG, 0007, 2023071500_F018_411N_1483E_FOF, 2023071500, 03,  UKX, 024, 410N, 1510E,   0, 1004, XX,  34, NEQ, 0000, 0000, 0000, 0000, 1007,  191,    0,    315,  -1177,  -2119, N,   92,  105,  137,  118,  -99,  -99
TG, 0007, 2023071500_F018_411N_1483E_FOF, 2023071500, 03,  UKX, 030, 410N, 1545E,   0, 1002, XX,  34, NEQ, 0000, 0000, 0000, 0000, 1008,  272,    0,    266,   -371,  -2388, Y,   88,  115,  124,  131,  -99,  -99
TG, 0007, 2023071500_F018_411N_1483E_FOF, 2023071500, 03,  UKX, 036, 415N, 1572E,   0, 1002, XX,  34, NEQ, 0000, 0000, 0000, 0000, 1005,  121,    0,    252,    213,  -3071, N,   76,  102,  138,  142,  -99,  -99
TG, 0007, 2023071500_F018_411N_1483E_FOF, 2023071500, 03,  UKX, 042, 428N, 1603E,   0, 1000, XX,  34, NEQ, 0000, 0000, 0000, 0000, 1011,  432,    0,    211,    213,  -2613, N,   65,  120,  194,  208,  -99,  -99
TG, 0007, 2023071500_F018_411N_1483E_FOF, 2023071500, 03,  UKX, 048, 447N, 1625E,   0,  999, XX,  34, NEQ, 0000, 0000, 0000, 0000, 1010,  476,    0,    219,    -56,  -2239, N,   49,  121,  183,  236,  -99,  -99
TG, 0007, 2023071500_F018_411N_1483E_FOF, 2023071500, 03,  UKX, 060, 495N, 1670E,   0,  997, XX,  34, NEQ, 0000, 0000, 0000, 0000, -999, -999,    0,    200,   -335,  -1354, Y,   41,  140,  171,  163,  -99,  -99
TG, 0008, 2023071500_F018_062N_1376E_FOF, 2023071500, 03,  UKX, 018,  62N, 1376E,   0, 1005, XX,  34, NEQ, 0000, 0000, 0000, 0000, 1006,  173,    0,   -999,  -9999,  -9999, Y,  231,   30,   72,   81,  -99,  -99
TG, 0008, 2023071500_F018_062N_1376E_FOF, 2023071500, 03,  UKX, 024,  62N, 1371E,   0, 1007, XX,  34, NEQ, 0000, 0000, 0000, 0000, 1008,  125,    0,     79,    175,    -47, Y,  250,   28,   83,   90,  -99,  -99
TG, 0008, 2023071500_F018_062N_1376E_FOF, 2023071500, 03,  UKX, 030,  61N, 1375E,   0, 1005, XX,  34, NEQ, 0000, 0000, 0000, 0000, 1006,  176,    0,   -101,    104,    -50, N,  173,    5,   87,   99,  -99,  -99
TG, 0008, 2023071500_F018_062N_1376E_FOF, 2023071500, 03,  UKX, 036,  67N, 1374E,   0, 1007, XX,  34, NEQ, 0000, 0000, 0000, 0000, 1008,  130,    0,     37,     49,     69, Y,  311,   25,   89,  104,  -99,  -99
TG, 0008, 2023071500_F018_062N_1376E_FOF, 2023071500, 03,  UKX, 042,  65N, 1378E,   0, 1005, XX,  34, NEQ, 0000, 0000, 0000, 0000, 1006,  133,    0,    -74,     18,    -30, Y,  200,    1,   80,   86,  -99,  -99
TG, 0008, 2023071500_F018_062N_1376E_FOF, 2023071500, 03,  UKX, 048,  74N, 1379E,   0, 1007, XX,  34, NEQ, 0000, 0000, 0000, 0000, 1009,  261,    0,    -35,     77,     57, Y,  338,   33,   69,   72,  -99,  -99
TG, 0008, 2023071500_F018_062N_1376E_FOF, 2023071500, 03,  UKX, 060,  88N, 1360E,   0, 1007, XX,  34, NEQ, 0000, 0000, 0000, 0000, 1009,  284,    0,     35,    -42,    209, Y,  292,   54,   74,   77,  -99,  -99
TG, 0008, 2023071500_F018_062N_1376E_FOF, 2023071500, 03,  UKX, 072,  82N, 1331E,   0, 1007, XX,  34, NEQ, 0000, 0000, 0000, 0000, 1010,  502,    0,     65,    156,    155, Y,  262,   51,   79,   86,  -99,  -99
TG, 0008, 2023071500_F018_062N_1376E_FOF, 2023071500, 03,  UKX, 084,  74N, 1324E,   0, 1006, XX,  34, NEQ, 0000, 0000, 0000, 0000, 1009,  451,    0,    -38,     41,    103, Y,  252,    7,   91,   95,  -99,  -99
TG, 0008, 2023071500_F018_062N_1376E_FOF, 2023071500, 03,  UKX, 096,  85N, 1332E,   0, 1006, XX,  34, NEQ, 0000, 0000, 0000, 0000, 1008,  290,    0,     25,    -94,    135, N,   29,   42,   78,   81,  -99,  -99
TG, 0008, 2023071500_F018_062N_1376E_FOF, 2023071500, 03,  UKX, 108, 101N, 1323E,   0, 1006, XX,  34, NEQ, 0000, 0000, 0000, 0000, 1008,  273,    0,     72,   -235,    128, N,  354,   41,   79,   86,  -99,  -99
TG, 0008, 2023071500_F018_062N_1376E_FOF, 2023071500, 03,  UKX, 120, 116N, 1309E,   0, 1006, XX,  34, NEQ, 0000, 0000, 0000, 0000, 1008,  247,    0,     62,   -127,     93, Y, -999, -999,   67,   77,  -99,  -99
TG, 0013, 2023071500_F072_438N_1418E_FOF, 2023071500, 03,  UKX, 072, 438N, 1418E,   0, 1011, XX,  34, NEQ, 0000, 0000, 0000, 0000, 1012,  113,    0,   -999,  -9999,  -9999, N,  104,   83,   52,   48,  -99,  -99
TG, 0013, 2023071500_F072_438N_1418E_FOF, 2023071500, 03,  UKX, 084, 425N, 1435E,   0, 1009, XX,  34, NEQ, 0000, 0000, 0000, 0000, 1010,  116,    0,    252,  -1206,  -1755, N,  113,   66,   54,   61,  -99,  -99
TG, 0013, 2023071500_F072_438N_1418E_FOF, 2023071500, 03,  UKX, 096, 412N, 1456E,   0, 1007, XX,  34, NEQ, 0000, 0000, 0000, 0000, 1008,  135,    0,    288,  -1365,  -1774, N,  112,   64,   57,   65,  -99,  -99
TG, 0013, 2023071500_F072_438N_1418E_FOF, 2023071500, 03,  UKX, 108, 403N, 1485E,   0, 1006, XX,  34, NEQ, 0000, 0000, 0000, 0000, -999, -999,    0,    334,  -1474,  -2158, N,  100,   67,   44,   51,  -99,  -99
TG, 0014, 2023071500_F096_488N_1188E_FOF, 2023071500, 03,  UKX, 096, 488N, 1188E,   0, 1001, XX,  34, NEQ, 0000, 0000, 0000, 0000, 1002,  200,    0,   -999,  -9999,  -9999, Y,   94,   59,  111,  133,  -99,  -99
TG, 0014, 2023071500_F096_488N_1188E_FOF, 2023071500, 03,  UKX, 108, 497N, 1228E,   0,  998, XX,  34, NEQ, 0000, 0000, 0000, 0000, 1003,  267,    0,    223,   -330,  -1326, Y,   86,   54,  195,  276,  -99,  -99
TG, 0014, 2023071500_F096_488N_1188E_FOF, 2023071500, 03,  UKX, 120, 512N, 1252E,   0,  999, XX,  34, NEQ, 0000, 0000, 0000, 0000, 1005,  360,    0,    282,   -281,  -1519, N, -999, -999,  149,  180,  -99,  -99
WP,  04W, 2023071500_F000_181N_1170E_04W, 2023071500, 03,  UKX, 000, 177N, 1181E,   0,  997, XX,  34, NEQ, 0000, 0000, 0000, 0000, 1003,  357,    0,   -999,  -9999,  -9999, Y,  307,   26,  155,  161,  -99,  -99
WP,  04W, 2023071500_F000_181N_1170E_04W, 2023071500, 03,  UKX, 006, 180N, 1180E,   0,  994, XX,  34, NEQ, 0000, 0000, 0000, 0000,  999,  170,    0,     68,    299,    229, Y,   18,   16,  146,  198,  -99,  -99
WP,  04W, 2023071500_F000_181N_1170E_04W, 2023071500, 03,  UKX, 012, 183N, 1177E,   0,  994, XX,  34, NEQ, 0000, 0000, 0000, 0000,  999,  180,    0,    103,    223,    419, Y,  346,   12,  204,  216,  -99,  -99
WP,  04W, 2023071500_F000_181N_1170E_04W, 2023071500, 03,  UKX, 018, 188N, 1171E,   0,  992, XX,  34, NEQ, 0000, 0000, 0000, 0000, 1003,  514,    0,    125,    142,    223, Y,  325,   24,  214,  221,  -99,  -99
WP,  04W, 2023071500_F000_181N_1170E_04W, 2023071500, 03,  UKX, 024, 191N, 1168E,   0,  991, XX,  34, NEQ, 0000, 0000, 0000, 0000,  997,  156,    0,     82,    424,    445, Y,  342,   17,  250,  273,  -99,  -99
WP,  04W, 2023071500_F000_181N_1170E_04W, 2023071500, 03,  UKX, 030, 193N, 1157E,   0,  990, XX,  34, NEQ, 0000, 0000, 0000, 0000,  996,  135,    0,    100,    317,    433, Y,  294,   29,  244,  258,  -99,  -99
WP,  04W, 2023071500_F000_181N_1170E_04W, 2023071500, 03,  UKX, 036, 192N, 1150E,   0,  990, XX,  34, NEQ, 0000, 0000, 0000, 0000,  995,  133,    0,     98,    331,    506, Y,  279,   21,  263,  287,  -99,  -99
WP,  04W, 2023071500_F000_181N_1170E_04W, 2023071500, 03,  UKX, 042, 196N, 1143E,   0,  988, XX,  34, NEQ, 0000, 0000, 0000, 0000,  995,  127,    0,     49,    308,    597, Y,  316,   32,  267,  282,  -99,  -99
WP,  04W, 2023071500_F000_181N_1170E_04W, 2023071500, 03,  UKX, 048, 199N, 1136E,   0,  988, XX,  34, NEQ, 0000, 0000, 0000, 0000,  994,  133,    0,      2,    519,    547, Y,  312,   32,  268,  283,  -99,  -99
WP,  04W, 2023071500_F000_181N_1170E_04W, 2023071500, 03,  UKX, 060, 202N, 1122E,   0,  987, XX,  34, NEQ, 0000, 0000, 0000, 0000,  997,  201,    0,    -58,    130,    664, Y,  300,   34,  297,  324,  -99,  -99
WP,  04W, 2023071500_F000_181N_1170E_04W, 2023071500, 03,  UKX, 072, 217N, 1101E,   0,  990, XX,  34, NEQ, 0000, 0000, 0000, 0000,  996,  130,    0,    -19,    255,    610, Y,  308,   52,  285,  310,  -99,  -99
WP,  04W, 2023071500_F000_181N_1170E_04W, 2023071500, 03,  UKX, 084, 230N, 1083E,   0,  994, XX,  34, NEQ, 0000, 0000, 0000, 0000,  997,   94,    0,    -65,    198,    542, Y,  302,   51,  238,  265,  -99,  -99
WP,  04W, 2023071500_F000_181N_1170E_04W, 2023071500, 03,  UKX, 096, 241N, 1066E,   0,  999, XX,  34, NEQ, 0000, 0000, 0000, 0000, 1002,  290,    0,    -43,    141,    262, Y,  313,   42,  149,  169,  -99,  -99
WP,  04W, 2023071500_F000_181N_1170E_04W, 2023071500, 03,  UKX, 108, 243N, 1063E,   0, 1002, XX,  34, NEQ, 0000, 0000, 0000, 0000, -999, -999,    0,    -96,    679,    136, N,  319,   26,   50,   53,  -99,  -99
