TG, 0002, 2023071500_F000_440N_1241E_FOF, 2023071500, 03,  NGX, 000, 440N, 1241E,  14,  991, XX,  34, NEQ, 0000, 0000, 0000, 0000,  996,  204,   92,   -999,  -9999,  -9999, N,  127,   29,  154,  186,  -99,  -99
TG, 0002, 2023071500_F000_440N_1241E_FOF, 2023071500, 03,  NGX, 006, 439N, 1242E,  14,  993, XX,  34, NEQ, 0000, 0000, 0000, 0000,  999,  310,   97,     69,    257,  -1980, N,  115,   20,  113,  118,  -99,  -99
TG, 0002, 2023071500_F000_440N_1241E_FOF, 2023071500, 03,  NGX, 012, 435N, 1243E,  11,  997, XX,  34, NEQ, 0000, 0000, 0000, 0000, 1003,  350,  135,   -161,     34,  -1965, N,  141,   24,   91,   97,  -99,  -99
TG, 0002, 2023071500_F000_440N_1241E_FOF, 2023071500, 03,  NGX, 018, 435N, 1248E,   9,  998, XX,  34, NEQ, 0000, 0000, 0000, 0000, 1003,  309,  154,    164,   -232,  -1843, N,   91,   25,   89,  106,  -99,  -99
TG, 0002, 2023071500_F000_440N_1241E_FOF, 2023071500, 03,  NGX, 024, 438N, 1257E,   9, 1002, XX,  34, NEQ, 0000, 0000, 0000, 0000, 1003,   89,  140,    205,   -669,  -1842, N,   83,   34,   86,  110,  -99,  -99
TG, 0002, 2023071500_F000_440N_1241E_FOF, 2023071500, 03,  NGX, 030, 443N, 1269E,   9, 1002, XX,  34, NEQ, 0000, 0000, 0000, 0000, -999, -999,  117,    223,  -1095,  -2009, N,   77,   48,   80,  106,  -99,  -99
TG, 0002, 2023071500_F000_440N_1241E_FOF, 2023071500, 03,  NGX, 036, 459N, 1307E,   7, 1005, XX,  34, NEQ, 0000, 0000, 0000, 0000, -999, -999,   95,    246,  -1080,  -2028, N,   69,  101,   66,   74,  -99,  -99
TG, 0002, 2023071500_F000_440N_1241E_FOF, 2023071500, 03,  NGX, 042, 471N, 1324E,   6, 1005, XX,  34, NEQ, 0000, 0000, 0000, 0000, 1008,  260,   66,    213,   -788,  -1705, N,   63,   62,   66,   74,  -99,  -99
TG, 0002, 2023071500_F000_440N_1241E_FOF, 2023071500, 03,  NGX, 048, 476N, 1328E,   6, 1008, XX,  34, NEQ, 0000, 0000, 0000, 0000, 1009,   85,   67,    185,   -802,  -1615, N,   68,   26,   69,   83,  -99,  -99
TG, 0002, 2023071500_F000_440N_1241E_FOF, 2023071500, 03,  NGX, 054, 477N, 1334E,   6, 1007, XX,  34, NEQ, 0000, 0000, 0000, 0000, 1008,  117,   54,    174,   -738,  -1419, N,   85,   25,   63,   80,  -99,  -99
TG, 0002, 2023071500_F000_440N_1241E_FOF, 2023071500, 03,  NGX, 060, 477N, 1339E,   6, 1008, XX,  34, NEQ, 0000, 0000, 0000, 0000, 1010,  246,   51,    132,   -671,  -1249, N,  103,   20,   63,   73,  -99,  -99
TG, 0002, 2023071500_F000_440N_1241E_FOF, 2023071500, 03,  NGX, 066, 477N, 1345E,   7, 1007, XX,  34, NEQ, 0000, 0000, 0000, 0000, 1009,  120,   47,    126,   -548,  -1124, N,   97,   22,   65,   77,  -99,  -99
TG, 0002, 2023071500_F000_440N_1241E_FOF, 2023071500, 03,  NGX, 072, 477N, 1347E,   7, 1008, XX,  34, NEQ, 0000, 0000, 0000, 0000, 1009,   69,  119,    106,   -618,  -1234, N,  120,   14,   61,   77,  -99,  -99
TG, 0002, 2023071500_F000_440N_1241E_FOF, 2023071500, 03,  NGX, 078, 476N, 1348E,   6, 1007, XX,  34, NEQ, 0000, 0000, 0000, 0000, 1008,  177,  156,     81,   -438,  -1283, N,  118,   13,   51,   67,  -99,  -99
TG, 0002, 2023071500_F000_440N_1241E_FOF, 2023071500, 03,  NGX, 084, 479N, 1353E,   5, 1007, XX,  34, NEQ, 0000, 0000, 0000, 0000, 1008,  113,  100,     -6,   -319,  -1101, N,   98,    8,   58,   74,  -99,  -99
TG, 0002, 2023071500_F000_440N_1241E_FOF, 2023071500, 03,  NGX, 090, 479N, 1353E,   6, 1006, XX,  34, NEQ, 0000, 0000, 0000, 0000, -999, -999,  160,    -30,   -317,   -694, N,  191,    7,   56,   76,  -99,  -99
TG, 0002, 2023071500_F000_440N_1241E_FOF, 2023071500, 03,  NGX, 096, 473N, 1348E,   9, 1006, XX,  34, NEQ, 0000, 0000, 0000, 0000, -999, -999,  157,     21,   -264,   -615, N,  219,   27,   51,   67,  -99,  -99
TG, 0004, 2023071500_F000_426N_1374E_FOF, 2023071500, 03,  NGX, 000, 426N, 1374E,  33,  996, XX,  34, NEQ, 0000, 0000, 0000, 0000,  997,   44,  103,   -999,  -9999,  -9999, N,   62,   97,  178,  163,  -99,  -99
TG, 0004, 2023071500_F000_426N_1374E_FOF, 2023071500, 03,  NGX, 006, 437N, 1370E,  31,  997, XX,  34, NEQ, 0000, 0000, 0000, 0000,  998,   48,   54,    -37,  -1421,  -2054, N,   39,   59,  142,  172,  -99,  -99
TG, 0004, 2023071500_F000_426N_1374E_FOF, 2023071500, 03,  NGX, 012, 439N, 1375E,  32, 1000, XX,  34, NEQ, 0000, 0000, 0000, 0000, 1002,   79,   59,    412,  -1483,  -2190, N,   67,   48,  135,  163,  -99,  -99
TG, 0004, 2023071500_F000_426N_1374E_FOF, 2023071500, 03,  NGX, 018, 441N, 1383E,  30, 1002, XX,  34, NEQ, 0000, 0000, 0000, 0000, 1004,   88,   64,    409,  -1545,  -2223, N,   72,   58,  125,  147,  -99,  -99
TG, 0004, 2023071500_F000_426N_1374E_FOF, 2023071500, 03,  NGX, 024, 444N, 1392E,  26, 1005, XX,  34, NEQ, 0000, 0000, 0000, 0000, 1007,   90,   65,    368,  -1396,  -2332, N,   75,   55,  113,  131,  -99,  -99
TG, 0004, 2023071500_F000_426N_1374E_FOF, 2023071500, 03,  NGX, 030, 447N, 1401E,  22, 1006, XX,  34, NEQ, 0000, 0000, 0000, 0000, 1007,   67,  101,    325,  -1257,  -2399, N,   76,   56,  101,  121,  -99,  -99
TG, 0004, 2023071500_F000_426N_1374E_FOF, 2023071500, 03,  NGX, 036, 449N, 1407E,  20, 1009, XX,  34, NEQ, 0000, 0000, 0000, 0000, 1010,   82,   50,    321,  -1285,  -2678, N,   80,   48,   81,  104,  -99,  -99
TG, 0004, 2023071500_F000_426N_1374E_FOF, 2023071500, 03,  NGX, 042, 452N, 1413E,  19, 1010, XX,  34, NEQ, 0000, 0000, 0000, 0000, -999, -999,   22,    296,  -1238,  -2533, N,   81,   52,   55,   74,  -99,  -99
TG, 0004, 2023071500_F000_426N_1374E_FOF, 2023071500, 03,  NGX, 048, 454N, 1418E,  16, 1011, XX,  34, NEQ, 0000, 0000, 0000, 0000, -999, -999,   13,    282,  -1388,  -2350, N,   85,   47,   27,   36,  -99,  -99
TG, 0005, 2023071500_F000_480N_1524E_FOF, 2023071500, 03,  NGX, 000, 480N, 1524E,  18, 1003, XX,  34, NEQ, 0000, 0000, 0000, 0000, 1008,  192,   96,   -999,  -9999,  -9999, N,   17,   14,  165,  187,  -99,  -99
TG, 0005, 2023071500_F000_480N_1524E_FOF, 2023071500, 03,  NGX, 006, 483N, 1523E,  18, 1005, XX,  34, NEQ, 0000, 0000, 0000, 0000, 1008,  134,  131,   -103,   -312,  -1241, N,   29,   15,  155,  173,  -99,  -99
TG, 0005, 2023071500_F000_480N_1524E_FOF, 2023071500, 03,  NGX, 012, 483N, 1521E,  18, 1007, XX,  34, NEQ, 0000, 0000, 0000, 0000, 1009,  100,  137,    -97,   -278,  -1729, N,  316,    4,  147,  166,  -99,  -99
TG, 0005, 2023071500_F000_480N_1524E_FOF, 2023071500, 03,  NGX, 018, 482N, 1520E,  16, 1007, XX,  34, NEQ, 0000, 0000, 0000, 0000, 1008,   52,  144,    111,   -479,  -2122, N,  100,    6,  131,  146,  -99,  -99
TG, 0005, 2023071500_F000_480N_1524E_FOF, 2023071500, 03,  NGX, 024, 480N, 1522E,  14, 1009, XX,  34, NEQ, 0000, 0000, 0000, 0000, 1010,   68,  126,    392,   -890,  -2297, N,  115,   15,  112,  120,  -99,  -99
TG, 0005, 2023071500_F000_480N_1524E_FOF, 2023071500, 03,  NGX, 030, 476N, 1526E,  13, 1009, XX,  34, NEQ, 0000, 0000, 0000, 0000, -999, -999,  131,    443,  -1256,  -2720, N,  115,   27,   96,  105,  -99,  -99
TG, 0005, 2023071500_F000_480N_1524E_FOF, 2023071500, 03,  NGX, 036, 479N, 1549E,  13, 1010, XX,  34, NEQ, 0000, 0000, 0000, 0000, -999, -999,  159,    289,  -1196,  -2512, N,   86,   50,   90,  104,  -99,  -99
TG, 0011, 2023071500_F024_402N_1502E_FOF, 2023071500, 03,  NGX, 024, 402N, 1502E,  25, 1005, XX,  34, NEQ, 0000, 0000, 0000, 0000, 1006,   63,  100,   -999,  -9999,  -9999, N,   96,  106,  106,  116,  -99,  -99
TG, 0011, 2023071500_F024_402N_1502E_FOF, 2023071500, 03,  NGX, 030, 398N, 1531E,  27, 1005, XX,  34, NEQ, 0000, 0000, 0000, 0000, 1008,  176,  116,    177,   -559,  -2050, N,   96,  109,  142,  174,  -99,  -99
TG, 0011, 2023071500_F024_402N_1502E_FOF, 2023071500, 03,  NGX, 036, 399N, 1554E,  31, 1005, XX,  34, NEQ, 0000, 0000, 0000, 0000, 1010,  269,  124,    161,   -525,  -2119, N,   89,   87,  150,  190,  -99,  -99
TG, 0011, 2023071500_F024_402N_1502E_FOF, 2023071500, 03,  NGX, 042, 404N, 1573E,  30, 1003, XX,  34, NEQ, 0000, 0000, 0000, 0000, 1010,  371,  149,     90,    -28,  -2304, N,   79,   83,  149,  178,  -99,  -99
TG, 0011, 2023071500_F024_402N_1502E_FOF, 2023071500, 03,  NGX, 048, 411N, 1589E,  29, 1003, XX,  34, NEQ, 0000, 0000, 0000, 0000, 1011,  446,   99,    115,   -368,  -2503, N,   70,   77,  146,  170,  -99,  -99
TG, 0011, 2023071500_F024_402N_1502E_FOF, 2023071500, 03,  NGX, 054, 420N, 1606E,  29, 1002, XX,  34, NEQ, 0000, 0000, 0000, 0000, 1010,  537,  106,    125,   -454,  -2488, N,   66,   86,  135,  151,  -99,  -99
TG, 0011, 2023071500_F024_402N_1502E_FOF, 2023071500, 03,  NGX, 060, 436N, 1627E,  30, 1002, XX,  34, NEQ, 0000, 0000, 0000, 0000, 1009,  418,  114,    160,   -783,  -1970, N,   54,  106,  141,  143,  -99,  -99
TG, 0011, 2023071500_F024_402N_1502E_FOF, 2023071500, 03,  NGX, 066, 453N, 1649E,  31, 1000, XX,  34, NEQ, 0000, 0000, 0000, 0000, 1007,  432,   84,    213,  -1026,  -1600, N,   52,  115,  165,  179,  -99,  -99
TG, 0011, 2023071500_F024_402N_1502E_FOF, 2023071500, 03,  NGX, 072, 477N, 1667E,  32, 1001, XX,  34, NEQ, 0000, 0000, 0000, 0000, 1007,  399,  152,    236,   -986,  -1763, N,   40,  129,  163,  193,  -99,  -99
TG, 0011, 2023071500_F024_402N_1502E_FOF, 2023071500, 03,  NGX, 078, 505N, 1688E,  31, 1001, XX,  34, NEQ, 0000, 0000, 0000, 0000, 1003,  121,  120,    242,   -832,  -1748, N,   41,  143,  165,  192,  -99,  -99
TG, 0011, 2023071500_F024_402N_1502E_FOF, 2023071500, 03,  NGX, 084, 530N, 1712E,  30, 1002, XX,  34, NEQ, 0000, 0000, 0000, 0000, -999, -999,  120,    230,   -886,  -1511, N,   45,  142,  139,  158,  -99,  -99
TG, 0011, 2023071500_F024_402N_1502E_FOF, 2023071500, 03,  NGX, 090, 560N, 1736E,  28, 1002, XX,  34, NEQ, 0000, 0000, 0000, 0000, -999, -999,  160,    238,   -953,  -1454, N,   47,  148,  109,  133,  -99,  -99
TG, 0015, 2023071500_F042_276N_1243E_FOF, 2023071500, 03,  NGX, 042, 276N, 1243E,  35,  998, XX,  34, NEQ, 0199, 0219, 0000, 0000, 1000,  165,  146,   -999,  -9999,  -9999, N,  333,   87,  136,  153,  -99,  -99
TG, 0015, 2023071500_F042_276N_1243E_FOF, 2023071500, 03,  NGX, 048, 286N, 1236E,  36,  999, XX,  34, NEQ, 0238, 0242, 0000, 0000, 1002,  133,  155,    -37,    538,   -134, Y,  335,   65,  142,  163,  -99,  -99
TG, 0015, 2023071500_F042_276N_1243E_FOF, 2023071500, 03,  NGX, 054, 296N, 1236E,  29,  999, XX,  34, NEQ, 0000, 0000, 0000, 0000, 1001,  111,  158,    -26,    482,   -221, Y,    1,   59,  143,  167,  -99,  -99
TG, 0015, 2023071500_F042_276N_1243E_FOF, 2023071500, 03,  NGX, 060, 309N, 1239E,  27, 1001, XX,  34, NEQ, 0000, 0000, 0000, 0000, 1003,   95,  115,    -12,    413,   -557, Y,    9,   63,  135,  150,  -99,  -99
TG, 0015, 2023071500_F042_276N_1243E_FOF, 2023071500, 03,  NGX, 066, 324N, 1244E,  27, 1001, XX,  34, NEQ, 0000, 0000, 0000, 0000, 1004,  139,  122,     18,    388,   -841, Y,   23,   77,  129,  144,  -99,  -99
TG, 0015, 2023071500_F042_276N_1243E_FOF, 2023071500, 03,  NGX, 072, 340N, 1253E,  26, 1003, XX,  34, NEQ, 0000, 0000, 0000, 0000, 1007,  187,  124,     93,    261,  -1203, Y,   40,   74,  113,  128,  -99,  -99
TG, 0015, 2023071500_F042_276N_1243E_FOF, 2023071500, 03,  NGX, 078, 354N, 1267E,  27, 1002, XX,  34, NEQ, 0000, 0000, 0000, 0000, 1005,  185,  147,    133,    -23,  -1563, Y,   56,   78,  124,   99,  -99,  -99
TG, 0015, 2023071500_F042_276N_1243E_FOF, 2023071500, 03,  NGX, 084, 376N, 1300E,  26, 1002, XX,  34, NEQ, 0000, 0000, 0000, 0000, 1006,  238,   56,    173,   -154,  -2004, N,   62,  123,  171,  198,  -99,  -99
TG, 0015, 2023071500_F042_276N_1243E_FOF, 2023071500, 03,  NGX, 090, 382N, 1320E,  27,  999, XX,  34, NEQ, 0000, 0000, 0000, 0000, 1005,  251,  114,    277,   -241,  -2051, N,   76,   85,  187,  209,  -99,  -99
TG, 0015, 2023071500_F042_276N_1243E_FOF, 2023071500, 03,  NGX, 096, 386N, 1346E,  28,  999, XX,  34, NEQ, 0000, 0000, 0000, 0000, 1006,  285,   69,    349,   -395,  -2036, N,   84,   93,  195,  227,  -99,  -99
TG, 0015, 2023071500_F042_276N_1243E_FOF, 2023071500, 03,  NGX, 102, 386N, 1360E,  30,  998, XX,  34, NEQ, 0000, 0000, 0000, 0000, 1005,  271,   53,    382,   -391,  -2095, N,   92,   68,  191,  225,  -99,  -99
TG, 0015, 2023071500_F042_276N_1243E_FOF, 2023071500, 03,  NGX, 108, 386N, 1374E,  30, 1000, XX,  34, NEQ, 0000, 0000, 0000, 0000, 1006,  277,   73,    386,   -751,  -2092, N,   93,   62,  154,  195,  -99,  -99
TG, 0015, 2023071500_F042_276N_1243E_FOF, 2023071500, 03,  NGX, 114, 391N, 1392E,  24, 1000, XX,  34, NEQ, 0000, 0000, 0000, 0000, -999, -999,  104,    405,   -716,  -2205, N,   84,   69,  133,  180,  -99,  -99
TG, 0015, 2023071500_F042_276N_1243E_FOF, 2023071500, 03,  NGX, 120, 395N, 1399E,  19, 1003, XX,  34, NEQ, 0000, 0000, 0000, 0000, -999, -999,  151,    393,   -754,  -2190, N,   88,   38,   84,  106,  -99,  -99
TG, 0018, 2023071500_F048_066N_1341E_FOF, 2023071500, 03,  NGX, 048,  66N, 1341E,  16, 1008, XX,  34, NEQ, 0000, 0000, 0000, 0000, 1009,  238,  134,   -999,  -9999,  -9999, N,  253,   38,   68,   75,  -99,  -99
TG, 0018, 2023071500_F048_066N_1341E_FOF, 2023071500, 03,  NGX, 054,  60N, 1336E,  17, 1006, XX,  34, NEQ, 0000, 0000, 0000, 0000, -999, -999,  148,    -11,   -146,     34, N,  229,   35,   84,   92,  -99,  -99
TG, 0018, 2023071500_F048_066N_1341E_FOF, 2023071500, 03,  NGX, 060,  56N, 1331E,  17, 1008, XX,  34, NEQ, 0000, 0000, 0000, 0000, 1009,  217,  101,    -11,    -30,     22, N,  243,   30,   96,  104,  -99,  -99
TG, 0018, 2023071500_F048_066N_1341E_FOF, 2023071500, 03,  NGX, 066,  50N, 1328E,  20, 1006, XX,  34, NEQ, 0000, 0000, 0000, 0000, 1008,  727,  128,    -47,     64,    114, N,  226,   23,  106,  117,  -99,  -99
TG, 0018, 2023071500_F048_066N_1341E_FOF, 2023071500, 03,  NGX, 072,  50N, 1325E,  23, 1007, XX,  34, NEQ, 0000, 0000, 0000, 0000, 1009,  345,  121,     13,     62,    191, N,  280,   14,  129,  144,  -99,  -99
TG, 0018, 2023071500_F048_066N_1341E_FOF, 2023071500, 03,  NGX, 078,  51N, 1325E,  25, 1004, XX,  34, NEQ, 0000, 0000, 0000, 0000, 1005,   71,   74,     73,    114,    184, N,  359,   11,  157,  180,  -99,  -99
TG, 0018, 2023071500_F048_066N_1341E_FOF, 2023071500, 03,  NGX, 084,  55N, 1326E,  27, 1006, XX,  34, NEQ, 0000, 0000, 0000, 0000, 1009,  333,   65,     56,    173,    180, N,    2,   18,  175,  200,  -99,  -99
TG, 0018, 2023071500_F048_066N_1341E_FOF, 2023071500, 03,  NGX, 090,  60N, 1325E,  27, 1003, XX,  34, NEQ, 0000, 0000, 0000, 0000, 1007,  337,  127,     57,    276,     46, N,  354,   25,  180,  206,  -99,  -99
TG, 0018, 2023071500_F048_066N_1341E_FOF, 2023071500, 03,  NGX, 096,  67N, 1322E,  26, 1005, XX,  34, NEQ, 0000, 0000, 0000, 0000, 1009,  260,   68,     72,    259,    165, N,  345,   30,  191,  215,  -99,  -99
TG, 0018, 2023071500_F048_066N_1341E_FOF, 2023071500, 03,  NGX, 102,  73N, 1320E,  32, 1001, XX,  34, NEQ, 0000, 0000, 0000, 0000, 1006,  303,   51,     67,    246,     87, N,  353,   31,  207,  243,  -99,  -99
TG, 0018, 2023071500_F048_066N_1341E_FOF, 2023071500, 03,  NGX, 108,  79N, 1318E,  30, 1003, XX,  34, NEQ, 0000, 0000, 0000, 0000, 1008,  231,   78,     53,    358,    273, N,  346,   28,  215,  247,  -99,  -99
TG, 0018, 2023071500_F048_066N_1341E_FOF, 2023071500, 03,  NGX, 114,  86N, 1313E,  33, 1000, XX,  34, NEQ, 0000, 0000, 0000, 0000, 1007,  365,   43,     80,    286,    372, Y,  337,   33,  234,  265,  -99,  -99
TG, 0018, 2023071500_F048_066N_1341E_FOF, 2023071500, 03,  NGX, 120,  93N, 1309E,  40, 1000, XX,  34, NEQ, 0062, 0062, 0061, 0056, 1008,  338,   43,     88,    302,    599, Y,  332,   33,  270,  305,  -99,  -99
TG, 0018, 2023071500_F048_066N_1341E_FOF, 2023071500, 03,  NGX, 126,  99N, 1304E,  46,  997, XX,  34, NEQ, 0064, 0074, 0075, 0059, 1006,  289,   27,     77,    387,    658, Y,  332,   32,  289,  319,  -99,  -99
TG, 0018, 2023071500_F048_066N_1341E_FOF, 2023071500, 03,  NGX, 132, 104N, 1296E,  61,  997, XX,  34, NEQ, 0069, 0098, 0085, 0062, 1003,   92,   33,     87,    351,    672, Y,  313,   36,  319,  345,  -99,  -99
TG, 0018, 2023071500_F048_066N_1341E_FOF, 2023071500, 03,  NGX, 138, 110N, 1289E,  66,  993, XX,  34, NEQ, 0121, 0114, 0095, 0062,  999,   84,   29,     87,    301,    730, Y,  323,   41,  352,  381,  -99,  -99
TG, 0018, 2023071500_F048_066N_1341E_FOF, 2023071500, 03,  NGX, 144, 117N, 1283E,  70,  993, XX,  34, NEQ, 0134, 0129, 0102, 0062, 1000,  100,   24,     71,    392,    791, Y,  327,   49,  385,  416,  -99,  -99
TG, 0018, 2023071500_F048_066N_1341E_FOF, 2023071500, 03,  NGX, 150, 127N, 1276E,  79,  990, XX,  34, NEQ, 0146, 0149, 0108, 0085,  995,   75,   27,     60,    324,    886, Y,  334,   58,  417,  449,  -99,  -99
TG, 0018, 2023071500_F048_066N_1341E_FOF, 2023071500, 03,  NGX, 156, 137N, 1267E,  86,  990, XX,  34, NEQ, 0158, 0147, 0103, 0112,  995,   84,   23,     77,    460,    963, Y,  325,   65,  441,  477,  -99,  -99
TG, 0018, 2023071500_F048_066N_1341E_FOF, 2023071500, 03,  NGX, 162, 149N, 1255E,  77,  988, XX,  34, NEQ, 0179, 0157, 0088, 0104,  991,   42,   32,    105,    485,   1023, Y,  321,   75,  460,  498,  -99,  -99
TG, 0018, 2023071500_F048_066N_1341E_FOF, 2023071500, 03,  NGX, 168, 158N, 1242E,  88,  988, XX,  34, NEQ, 0174, 0166, 0111, 0108,  994,   83,   17,    104,    488,   1082, Y,  317,   73,  483,  534,  -99,  -99
TG, 0018, 2023071500_F048_066N_1341E_FOF, 2023071500, 03,  NGX, 174, 166N, 1228E,  83,  987, XX,  34, NEQ, 0168, 0162, 0129, 0084,  993,   83,   16,     94,    318,    822, Y,  312,   70,  438,  493,  -99,  -99
TG, 0018, 2023071500_F048_066N_1341E_FOF, 2023071500, 03,  NGX, 180, 173N, 1214E,  50,  994, XX,  34, NEQ, 0154, 0167, 0085, 0134,  999,   88,   62,     69,    263,    786, Y, -999, -999,  371,  426,  -99,  -99
TG, 0022, 2023071500_F078_463N_1167E_FOF, 2023071500, 03,  NGX, 078, 463N, 1167E,  15,  999, XX,  34, NEQ, 0000, 0000, 0000, 0000, 1001,  268,  112,   -999,  -9999,  -9999, N,   88,   36,   43,   52,  -99,  -99
TG, 0022, 2023071500_F078_463N_1167E_FOF, 2023071500, 03,  NGX, 084, 470N, 1156E,  13,  999, XX,  34, NEQ, 0000, 0000, 0000, 0000, 1000,   62,  152,   -308,   -940,   -793, N,  359,   16,   91,  106,  -99,  -99
TG, 0022, 2023071500_F078_463N_1167E_FOF, 2023071500, 03,  NGX, 090, 469N, 1164E,   9, 1000, XX,  34, NEQ, 0000, 0000, 0000, 0000, 1001,  108,   87,    372,  -1145,  -1060, N,   93,   36,   97,  119,  -99,  -99
TG, 0022, 2023071500_F078_463N_1167E_FOF, 2023071500, 03,  NGX, 096, 471N, 1176E,   9, 1003, XX,  34, NEQ, 0000, 0000, 0000, 0000, -999, -999,  126,    311,  -1481,  -1063, N,   89,   43,   92,  118,  -99,  -99
TG, 0022, 2023071500_F078_463N_1167E_FOF, 2023071500, 03,  NGX, 102, 459N, 1185E,  14, 1001, XX,  34, NEQ, 0000, 0000, 0000, 0000, -999, -999,   56,    333,  -1549,   -810, N,  123,   54,   75,   95,  -99,  -99
TG, 0029, 2023071500_F102_433N_1089E_FOF, 2023071500, 03,  NGX, 102, 433N, 1089E,  20,  999, XX,  34, NEQ, 0000, 0000, 0000, 0000, 1000,   64,   57,   -999,  -9999,  -9999, N,   71,   35,   80,  100,  -99,  -99
TG, 0029, 2023071500_F102_433N_1089E_FOF, 2023071500, 03,  NGX, 108, 439N, 1114E,  22,  998, XX,  34, NEQ, 0000, 0000, 0000, 0000,  999,   81,   89,    489,   -800,  -1350, N,   77,   65,   89,  111,  -99,  -99
TG, 0029, 2023071500_F102_433N_1089E_FOF, 2023071500, 03,  NGX, 114, 438N, 1114E,  14,  998, XX,  34, NEQ, 0000, 0000, 0000, 0000, 1000,   83,   39,   -320,   -624,  -1246, N,   70,   21,  120,  153,  -99,  -99
TG, 0029, 2023071500_F102_433N_1089E_FOF, 2023071500, 03,  NGX, 120, 444N, 1132E,  14, 1000, XX,  34, NEQ, 0000, 0000, 0000, 0000, 1002,   75,   91,    559,   -983,  -1320, N,   74,   59,  125,  155,  -99,  -99
TG, 0029, 2023071500_F102_433N_1089E_FOF, 2023071500, 03,  NGX, 126, 444N, 1161E,  21,  997, XX,  34, NEQ, 0000, 0000, 0000, 0000,  999,   55,   99,    451,   -884,  -1039, N,   82,   75,   90,  119,  -99,  -99
TG, 0029, 2023071500_F102_433N_1089E_FOF, 2023071500, 03,  NGX, 132, 453N, 1172E,  13, 1000, XX,  34, NEQ, 0000, 0000, 0000, 0000, -999, -999,   56,    494,  -1026,  -1252, N,   58,   51,  128,  159,  -99,  -99
TG, 0029, 2023071500_F102_433N_1089E_FOF, 2023071500, 03,  NGX, 138, 469N, 1183E,   7, 1003, XX,  34, NEQ, 0000, 0000, 0000, 0000, -999, -999,   50,    408,  -1233,  -1516, N,   47,   68,  116,  161,  -99,  -99
TG, 0030, 2023071500_F102_425N_1190E_FOF, 2023071500, 03,  NGX, 102, 425N, 1190E,  15, 1001, XX,  34, NEQ, 0000, 0000, 0000, 0000, 1002,   46,  154,   -999,  -9999,  -9999, N,  113,   41,   74,   62,  -99,  -99
TG, 0030, 2023071500_F102_425N_1190E_FOF, 2023071500, 03,  NGX, 108, 425N, 1196E,  18, 1000, XX,  34, NEQ, 0000, 0000, 0000, 0000, 1001,   53,  154,     38,    -44,   -681, N,  106,   26,   68,   90,  -99,  -99
TG, 0030, 2023071500_F102_425N_1190E_FOF, 2023071500, 03,  NGX, 114, 423N, 1204E,  14, 1001, XX,  34, NEQ, 0000, 0000, 0000, 0000, 1002,   42,  110,    132,   -180,   -674, N,  102,   34,   55,   70,  -99,  -99
TG, 0030, 2023071500_F102_425N_1190E_FOF, 2023071500, 03,  NGX, 120, 418N, 1208E,  16, 1002, XX,  34, NEQ, 0000, 0000, 0000, 0000, 1003,   43,  110,    208,    479,   -802, N,  122,   27,   63,   71,  -99,  -99
TG, 0030, 2023071500_F102_425N_1190E_FOF, 2023071500, 03,  NGX, 126, 424N, 1202E,  21,  998, XX,  34, NEQ, 0000, 0000, 0000, 0000, 1000,   69,  120,   -230,    452,   -868, N,   15,   22,   47,   57,  -99,  -99
TG, 0030, 2023071500_F102_425N_1190E_FOF, 2023071500, 03,  NGX, 132, 434N, 1195E,  13,  998, XX,  34, NEQ, 0000, 0000, 0000, 0000, 1001,  129,  159,    -96,   -554,   -740, N,    1,   39,  128,   99,  -99,  -99
TG, 0033, 2023071500_F102_374N_1549E_FOF, 2023071500, 03,  NGX, 102, 374N, 1549E,  15, 1008, XX,  34, NEQ, 0000, 0000, 0000, 0000, 1009,   71,   70,   -999,  -9999,  -9999, N,   95,   83,   51,   58,  -99,  -99
TG, 0033, 2023071500_F102_374N_1549E_FOF, 2023071500, 03,  NGX, 108, 375N, 1563E,  15, 1009, XX,  34, NEQ, 0000, 0000, 0000, 0000, 1010,   64,   64,    276,  -1373,  -2024, N,   86,   66,   61,   70,  -99,  -99
TG, 0033, 2023071500_F102_374N_1549E_FOF, 2023071500, 03,  NGX, 114, 377N, 1577E,  16, 1009, XX,  34, NEQ, 0000, 0000, 0000, 0000, 1010,   57,   44,    245,  -1221,  -2065, N,   80,   68,   68,   81,  -99,  -99
TG, 0033, 2023071500_F102_374N_1549E_FOF, 2023071500, 03,  NGX, 120, 383N, 1588E,  16, 1011, XX,  34, NEQ, 0000, 0000, 0000, 0000, 1012,   58,  111,    201,  -1135,  -1867, N,   66,   66,   65,   78,  -99,  -99
TG, 0033, 2023071500_F102_374N_1549E_FOF, 2023071500, 03,  NGX, 126, 387N, 1598E,  15, 1012, XX,  34, NEQ, 0000, 0000, 0000, 0000, -999, -999,  132,    183,   -878,  -1660, N,   66,   64,   60,   71,  -99,  -99
TG, 0036, 2023071500_F114_394N_1060E_FOF, 2023071500, 03,  NGX, 114, 394N, 1060E,  13,  999, XX,  34, NEQ, 0000, 0000, 0000, 0000, 1000,   63,   97,   -999,  -9999,  -9999, N,   68,   30,   45,   60,  -99,  -99
TG, 0036, 2023071500_F114_394N_1060E_FOF, 2023071500, 03,  NGX, 120, 394N, 1067E,   8, 1001, XX,  34, NEQ, 0000, 0000, 0000, 0000, 1002,   66,  132,    154,     51,  -2201, N,   91,   29,   35,   53,  -99,  -99
TG, 0036, 2023071500_F114_394N_1060E_FOF, 2023071500, 03,  NGX, 126, 385N, 1080E,  14,  999, XX,  34, NEQ, 0000, 0000, 0000, 0000, 1000,  158,   71,    127,   -474,  -2284, N,  114,   47,   48,   58,  -99,  -99
TG, 0036, 2023071500_F114_394N_1060E_FOF, 2023071500, 03,  NGX, 132, 379N, 1083E,  15,  999, XX,  34, NEQ, 0000, 0000, 0000, 0000, -999, -999,  148,     90,   -510,  -2104, N,  141,   25,   43,   55,  -99,  -99
TG, 0036, 2023071500_F114_394N_1060E_FOF, 2023071500, 03,  NGX, 138, 376N, 1087E,   8, 1000, XX,  34, NEQ, 0000, 0000, 0000, 0000, -999, -999,   64,    199,   -609,  -1719, N,  110,   23,   40,   52,  -99,  -99
TG, 0037, 2023071500_F114_384N_1441E_FOF, 2023071500, 03,  NGX, 114, 384N, 1441E,  24, 1000, XX,  34, NEQ, 0000, 0000, 0000, 0000, 1001,  104,  155,   -999,  -9999,  -9999, N,   79,   85,  119,  143,  -99,  -99
TG, 0037, 2023071500_F114_384N_1441E_FOF, 2023071500, 03,  NGX, 120, 389N, 1454E,  27, 1000, XX,  34, NEQ, 0000, 0000, 0000, 0000, 1008,  495,  144,    283,   -508,  -2042, N,   73,   64,  121,  135,  -99,  -99
TG, 0037, 2023071500_F114_384N_1441E_FOF, 2023071500, 03,  NGX, 126, 394N, 1471E,  26, 1000, XX,  34, NEQ, 0000, 0000, 0000, 0000, 1004,  151,  116,    314,   -277,  -2132, N,   72,   73,  130,  149,  -99,  -99
TG, 0037, 2023071500_F114_384N_1441E_FOF, 2023071500, 03,  NGX, 132, 399N, 1475E,  25, 1001, XX,  34, NEQ, 0000, 0000, 0000, 0000, 1006,  160,  162,    249,   -251,  -2084, N,   61,   48,  152,  182,  -99,  -99
TG, 0037, 2023071500_F114_384N_1441E_FOF, 2023071500, 03,  NGX, 138, 403N, 1487E,  26, 1000, XX,  34, NEQ, 0000, 0000, 0000, 0000, 1007,  426,  152,    349,    -29,  -2065, N,   72,   63,  161,  192,  -99,  -99
TG, 0037, 2023071500_F114_384N_1441E_FOF, 2023071500, 03,  NGX, 144, 409N, 1502E,  26, 1002, XX,  34, NEQ, 0000, 0000, 0000, 0000, 1009,  195,  151,    325,   -109,  -2037, N,   70,   69,  160,  185,  -99,  -99
TG, 0037, 2023071500_F114_384N_1441E_FOF, 2023071500, 03,  NGX, 150, 415N, 1518E,  25, 1003, XX,  34, NEQ, 0000, 0000, 0000, 0000, 1010,  197,  159,    289,    -59,  -2163, N,   70,   74,  132,  143,  -99,  -99
TG, 0037, 2023071500_F114_384N_1441E_FOF, 2023071500, 03,  NGX, 156, 425N, 1537E,  25, 1005, XX,  34, NEQ, 0000, 0000, 0000, 0000, 1012,  217,  157,    262,   -270,  -2250, N,   65,   85,  115,  128,  -99,  -99
TG, 0037, 2023071500_F114_384N_1441E_FOF, 2023071500, 03,  NGX, 162, 441N, 1555E,  23, 1004, XX,  34, NEQ, 0000, 0000, 0000, 0000, 1012,  267,  156,    332,   -715,  -2413, N,   55,   92,  103,  114,  -99,  -99
TG, 0037, 2023071500_F114_384N_1441E_FOF, 2023071500, 03,  NGX, 168, 463N, 1570E,  24, 1004, XX,  34, NEQ, 0000, 0000, 0000, 0000, 1014,  517,  137,    408,  -1223,  -2492, N,   38,   92,  122,  138,  -99,  -99
TG, 0037, 2023071500_F114_384N_1441E_FOF, 2023071500, 03,  NGX, 174, 475N, 1575E,  24, 1002, XX,  34, NEQ, 0000, 0000, 0000, 0000, 1012,  337,  120,    457,  -1319,  -2348, N,   31,   57,  137,  164,  -99,  -99
TG, 0037, 2023071500_F114_384N_1441E_FOF, 2023071500, 03,  NGX, 180, 483N, 1575E,  27, 1001, XX,  34, NEQ, 0000, 0000, 0000, 0000, 1011,  314,  133,    479,  -1414,  -2029, N, -999, -999,  135,  143,  -99,  -99
TG, 0042, 2023071500_F144_442N_1220E_FOF, 2023071500, 03,  NGX, 144, 442N, 1220E,  10, 1002, XX,  34, NEQ, 0000, 0000, 0000, 0000, 1005,  140,  120,   -999,  -9999,  -9999, N,   66,   56,   59,   64,  -99,  -99
TG, 0042, 2023071500_F144_442N_1220E_FOF, 2023071500, 03,  NGX, 150, 451N, 1236E,  15, 1001, XX,  34, NEQ, 0000, 0000, 0000, 0000, -999, -999,  157,    231,  -1057,   -785, N,   62,   69,   77,   93,  -99,  -99
TG, 0042, 2023071500_F144_442N_1220E_FOF, 2023071500, 03,  NGX, 156, 461N, 1248E,  12, 1002, XX,  34, NEQ, 0000, 0000, 0000, 0000, 1005,  152,   36,    286,  -1294,   -996, N,   59,   62,   69,   77,  -99,  -99
TG, 0042, 2023071500_F144_442N_1220E_FOF, 2023071500, 03,  NGX, 162, 477N, 1253E,  10, 1004, XX,  34, NEQ, 0000, 0000, 0000, 0000, 1006,  132,  151,    322,  -1402,  -1280, N,   47,   71,   75,   79,  -99,  -99
TG, 0042, 2023071500_F144_442N_1220E_FOF, 2023071500, 03,  NGX, 168, 484N, 1264E,   8, 1006, XX,  34, NEQ, 0000, 0000, 0000, 0000, 1007,   89,   65,    424,  -1572,  -1528, N,   74,   58,   81,   98,  -99,  -99
WP,  04W, 2023071500_F000_181N_1170E_04W, 2023071500, 03,  NGX, 000, 176N, 1176E,  37,  994, XX,  34, NEQ, 0124, 0119, 0114, 0000, 1003,  399,  112,   -999,  -9999,  -9999, Y,  307,   31,  244,  273,  -99,  -99
WP,  04W, 2023071500_F000_181N_1170E_04W, 2023071500, 03,  NGX, 006, 181N, 1170E,  36,  991, XX,  34, NEQ, 0119, 0147, 0122, 0123, 1001,  414,  118,    103,    313,    400, Y,  321,   23,  235,  252,  -99,  -99
WP,  04W, 2023071500_F000_181N_1170E_04W, 2023071500, 03,  NGX, 012, 180N, 1165E,  37,  991, XX,  34, NEQ, 0121, 0106, 0105, 0119, 1002,  462,   82,     54,    474,    420, Y,  257,   10,  262,  290,  -99,  -99
WP,  04W, 2023071500_F000_181N_1170E_04W, 2023071500, 03,  NGX, 018, 184N, 1161E,  43,  987, XX,  34, NEQ, 0133, 0140, 0123, 0106, 1003,  733,   87,    128,    465,    405, Y,  322,   19,  295,  332,  -99,  -99
WP,  04W, 2023071500_F000_181N_1170E_04W, 2023071500, 03,  NGX, 024, 188N, 1155E,  44,  987, XX,  34, NEQ, 0145, 0148, 0129, 0117,  992,   86,   75,    139,    623,    483, Y,  317,   22,  317,  364,  -99,  -99
WP,  04W, 2023071500_F000_181N_1170E_04W, 2023071500, 03,  NGX, 030, 192N, 1149E,  51,  984, XX,  34, NEQ, 0152, 0154, 0141, 0133,  989,   68,   71,    149,    580,    639, Y,  322,   18,  365,  436,  -99,  -99
WP,  04W, 2023071500_F000_181N_1170E_04W, 2023071500, 03,  NGX, 036, 193N, 1143E,  51,  983, XX,  34, NEQ, 0140, 0136, 0130, 0140,  988,   70,   51,    127,    771,    822, Y,  287,   18,  406,  491,  -99,  -99
WP,  04W, 2023071500_F000_181N_1170E_04W, 2023071500, 03,  NGX, 042, 195N, 1135E,  57,  979, XX,  34, NEQ, 0151, 0180, 0134, 0134,  984,   64,   42,    111,    860,    977, Y,  295,   26,  444,  549,  -99,  -99
WP,  04W, 2023071500_F000_181N_1170E_04W, 2023071500, 03,  NGX, 048, 196N, 1127E,  62,  976, XX,  34, NEQ, 0151, 0163, 0161, 0123,  982,   66,   46,     69,    960,   1090, Y,  290,   24,  500,  601,  -99,  -99
WP,  04W, 2023071500_F000_181N_1170E_04W, 2023071500, 03,  NGX, 054, 195N, 1119E,  71,  973, XX,  34, NEQ, 0136, 0172, 0186, 0108,  980,   63,   39,     43,    674,    980, Y,  280,   19,  537,  618,  -99,  -99
WP,  04W, 2023071500_F000_181N_1170E_04W, 2023071500, 03,  NGX, 060, 196N, 1112E,  70,  972, XX,  34, NEQ, 0138, 0188, 0158, 0133,  980,   58,   39,     68,    690,    949, Y,  283,   23,  528,  595,  -99,  -99
WP,  04W, 2023071500_F000_181N_1170E_04W, 2023071500, 03,  NGX, 066, 196N, 1101E,  63,  973, XX,  34, NEQ, 0137, 0202, 0131, 0136,  977,   41,   45,     28,    594,    886, Y,  278,   28,  524,  589,  -99,  -99
WP,  04W, 2023071500_F000_181N_1170E_04W, 2023071500, 03,  NGX, 072, 198N, 1097E,  60,  976, XX,  34, NEQ, 0161, 0167, 0143, 0123,  982,   66,   40,     38,    710,    945, Y,  310,   24,  521,  603,  -99,  -99
WP,  04W, 2023071500_F000_181N_1170E_04W, 2023071500, 03,  NGX, 078, 203N, 1088E,  62,  977, XX,  34, NEQ, 0132, 0173, 0143, 0096,  982,   66,   48,     73,    849,   1109, Y,  301,   37,  497,  571,  -99,  -99
WP,  04W, 2023071500_F000_181N_1170E_04W, 2023071500, 03,  NGX, 084, 204N, 1078E,  64,  978, XX,  34, NEQ, 0100, 0095, 0090, 0068,  986,   82,   39,     41,    781,   1086, Y,  286,   42,  483,  535,  -99,  -99
WP,  04W, 2023071500_F000_181N_1170E_04W, 2023071500, 03,  NGX, 090, 207N, 1065E,  66,  980, XX,  34, NEQ, 0111, 0112, 0072, 0047,  987,   64,   28,    -38,    535,    977, Y,  291,   52,  447,  519,  -99,  -99
WP,  04W, 2023071500_F000_181N_1170E_04W, 2023071500, 03,  NGX, 096, 207N, 1053E,  33,  988, XX,  34, NEQ, 0000, 0000, 0000, 0000,  994,  113,  106,    -42,    245,    564, Y,  285,   49,  282,  328,  -99,  -99
WP,  04W, 2023071500_F000_181N_1170E_04W, 2023071500, 03,  NGX, 102, 216N, 1027E,  14,  993, XX,  34, NEQ, 0000, 0000, 0000, 0000,  998,  303,   83,     97,    -30,    216, N,  285,   90,  114,  138,  -99,  -99
WP,  04W, 2023071500_F000_181N_1170E_04W, 2023071500, 03,  NGX, 108, 213N, 1008E,  11,  995, XX,  34, NEQ, 0000, 0000, 0000, 0000, -999, -999,   44,    225,    186,     68, N,  268,   66,   94,  119,  -99,  -99
WP,  04W, 2023071500_F000_181N_1170E_04W, 2023071500, 03,  NGX, 114, 212N,  995E,   7,  997, XX,  34, NEQ, 0000, 0000, 0000, 0000, -999, -999,  141,    160,    168,     99, N,  282,   49,   47,   60,  -99,  -99
