TG, 0003, 2023071500_F000_446N_1246E_FOF, 2023071500, 03, GFSO, 000, 446N, 1246E,  21,  992, XX,  34, NEQ, 0000, 0000, 0000, 0000,  998,  300,  106,   -999,  -9999,  -9999, N,  151,   18,  125,  187,  266,  311
TG, 0003, 2023071500_F000_446N_1246E_FOF, 2023071500, 03, GFSO, 006, 447N, 1250E,  20,  992, XX,  34, NEQ, 0000, 0000, 0000, 0000,  993,   56,  130,    270,    100,  -1401, N,  103,   13,   76,  169,  255,  293
TG, 0003, 2023071500_F000_446N_1246E_FOF, 2023071500, 03, GFSO, 012, 447N, 1251E,  17,  996, XX,  34, NEQ, 0000, 0000, 0000, 0000, 1002,  302,  134,    189,    -26,  -1339, N,  153,    9,  113,  250,  293,  338
TG, 0003, 2023071500_F000_446N_1246E_FOF, 2023071500, 03, GFSO, 018, 447N, 1248E,  17,  997, XX,  34, NEQ, 0000, 0000, 0000, 0000, 1004,  383,  140,    -58,   -105,  -1143, N,  201,   10,  152,  370,  272,  527
TG, 0003, 2023071500_F000_446N_1246E_FOF, 2023071500, 03, GFSO, 024, 446N, 1249E,  18, 1000, XX,  34, NEQ, 0000, 0000, 0000, 0000, 1003,  171,  133,    -18,    -65,  -1271, N,  131,   16,  147,  281,  264,  428
TG, 0003, 2023071500_F000_446N_1246E_FOF, 2023071500, 03, GFSO, 030, 450N, 1254E,  18, 1002, XX,  34, NEQ, 0000, 0000, 0000, 0000, 1003,   44,  136,     64,   -317,  -1340, N,   89,   20,  117,  297,  238,  335
TG, 0003, 2023071500_F000_446N_1246E_FOF, 2023071500, 03, GFSO, 036, 453N, 1256E,  10, 1006, XX,  34, NEQ, 0000, 0000, 0000, 0000, 1008,  157,  152,    -13,   -492,  -1269, N,  106,   13,   96,  155,  200,  357
TG, 0003, 2023071500_F000_446N_1246E_FOF, 2023071500, 03, GFSO, 042, 452N, 1259E,   7, 1007, XX,  34, NEQ, 0000, 0000, 0000, 0000, 1008,   54,   63,     34,   -556,  -1175, N,  112,   20,  100,  131,  195,  249
TG, 0003, 2023071500_F000_446N_1246E_FOF, 2023071500, 03, GFSO, 048, 454N, 1259E,   7, 1009, XX,  34, NEQ, 0000, 0000, 0000, 0000, -999, -999,  108,    -65,   -580,  -1077, N,  126,   11,   95,   81,  187,  338
TG, 0003, 2023071500_F000_446N_1246E_FOF, 2023071500, 03, GFSO, 054, 452N, 1257E,  10, 1010, XX,  34, NEQ, 0000, 0000, 0000, 0000, -999, -999,  124,     77,   -709,   -892, N,  143,   17,   71,  114,  234,  214
TG, 0004, 2023071500_F000_429N_1363E_FOF, 2023071500, 03, GFSO, 000, 429N, 1363E,  32,  996, XX,  34, NEQ, 0000, 0000, 0000, 0000,  998,   82,  131,   -999,  -9999,  -9999, N,   62,   91,  170,  209,  217,  195
TG, 0004, 2023071500_F000_429N_1363E_FOF, 2023071500, 03, GFSO, 006, 435N, 1369E,  38,  996, XX,  34, NEQ, 0090, 0000, 0000, 0063,  999,  110,   49,    333,  -1185,  -1974, N,   59,   62,  196,  360,  229,  296
TG, 0004, 2023071500_F000_429N_1363E_FOF, 2023071500, 03, GFSO, 012, 437N, 1376E,  36,  999, XX,  34, NEQ, 0000, 0000, 0000, 0077, 1003,  123,   51,    429,  -1145,  -1938, N,   70,   53,  169,  319,  263,  207
TG, 0004, 2023071500_F000_429N_1363E_FOF, 2023071500, 03, GFSO, 018, 439N, 1386E,  31, 1001, XX,  34, NEQ, 0000, 0000, 0000, 0000, 1004,  114,   61,    381,  -1176,  -1930, N,   77,   62,  133,  230,  215,  208
TG, 0004, 2023071500_F000_429N_1363E_FOF, 2023071500, 03, GFSO, 024, 443N, 1393E,  26, 1004, XX,  34, NEQ, 0000, 0000, 0000, 0000, 1006,   89,   88,    333,  -1083,  -2140, N,   73,   53,  111,  192,  179,  208
TG, 0004, 2023071500_F000_429N_1363E_FOF, 2023071500, 03, GFSO, 030, 447N, 1399E,  22, 1006, XX,  34, NEQ, 0000, 0000, 0000, 0000, 1007,   28,   68,    286,  -1448,  -2438, N,   74,   52,  101,  178,  157,  168
TG, 0004, 2023071500_F000_429N_1363E_FOF, 2023071500, 03, GFSO, 036, 450N, 1405E,  22, 1008, XX,  34, NEQ, 0000, 0000, 0000, 0000, 1009,   32,   51,    298,  -1125,  -2418, N,   77,   50,   87,  134,  134,  164
TG, 0004, 2023071500_F000_429N_1363E_FOF, 2023071500, 03, GFSO, 042, 451N, 1411E,  18, 1009, XX,  34, NEQ, 0000, 0000, 0000, 0000, 1010,   38,   55,    352,  -1534,  -2357, N,   86,   56,   54,  117,  167,  123
TG, 0004, 2023071500_F000_429N_1363E_FOF, 2023071500, 03, GFSO, 048, 452N, 1408E,  17, 1010, XX,  34, NEQ, 0000, 0000, 0000, 0000, 1011,   98,   56,   -298,  -1641,  -2467, N,   88,   35,   94,  216,  177,  237
TG, 0004, 2023071500_F000_429N_1363E_FOF, 2023071500, 03, GFSO, 054, 457N, 1420E,  13, 1011, XX,  34, NEQ, 0000, 0000, 0000, 0000, -999, -999,   24,    307,  -1614,  -1898, N,   87,   62,   61,  161,  172,  213
TG, 0004, 2023071500_F000_429N_1363E_FOF, 2023071500, 03, GFSO, 060, 457N, 1432E,  15, 1012, XX,  34, NEQ, 0000, 0000, 0000, 0000, -999, -999,   70,    342,  -1673,  -1829, N,  101,   56,   57,  118,  150,  231
TG, 0006, 2023071500_F000_479N_1526E_FOF, 2023071500, 03, GFSO, 000, 479N, 1526E,  24, 1002, XX,  34, NEQ, 0000, 0000, 0000, 0000, 1007,  177,  145,   -999,  -9999,  -9999, N,   51,   16,  234,  322,  355,  526
TG, 0006, 2023071500_F000_479N_1526E_FOF, 2023071500, 03, GFSO, 006, 483N, 1527E,  25, 1003, XX,  34, NEQ, 0000, 0000, 0000, 0000, 1007,  164,  124,    -76,    -71,  -1362, N,   36,   18,  202,  272,  341,  541
TG, 0006, 2023071500_F000_479N_1526E_FOF, 2023071500, 03, GFSO, 012, 483N, 1523E,  22, 1006, XX,  34, NEQ, 0000, 0000, 0000, 0000, 1008,   97,  132,   -112,    -19,  -1783, N,  309,    7,  204,  285,  348,  588
TG, 0006, 2023071500_F000_479N_1526E_FOF, 2023071500, 03, GFSO, 018, 481N, 1524E,  18, 1006, XX,  34, NEQ, 0000, 0000, 0000, 0000, 1007,   56,  138,    347,   -396,  -2085, N,  105,   10,  182,  269,  338,  458
TG, 0006, 2023071500_F000_479N_1526E_FOF, 2023071500, 03, GFSO, 024, 480N, 1528E,  19, 1007, XX,  34, NEQ, 0000, 0000, 0000, 0000, 1008,   57,  147,    341,   -563,  -2219, N,   91,   13,  189,  301,  332,  587
TG, 0006, 2023071500_F000_479N_1526E_FOF, 2023071500, 03, GFSO, 030, 478N, 1532E,  18, 1007, XX,  34, NEQ, 0000, 0000, 0000, 0000, -999, -999,  148,    424,   -692,  -2513, N,  113,   19,  184,  371,  328,  540
TG, 0006, 2023071500_F000_479N_1526E_FOF, 2023071500, 03, GFSO, 036, 473N, 1535E,  15, 1008, XX,  34, NEQ, 0000, 0000, 0000, 0000, -999, -999,  111,    375,   -912,  -3195, N,  132,   23,  203,  431,  305,  437
TG, 0015, 2023071500_F018_205N_1303E_FOF, 2023071500, 03, GFSO, 018, 205N, 1303E,  39, 1001, XX,  34, NEQ, 0068, 0000, 0000, 0000, 1003,   28,   60,   -999,  -9999,  -9999, Y,  336,   70,  358,  998,  217, 1005
TG, 0015, 2023071500_F018_205N_1303E_FOF, 2023071500, 03, GFSO, 024, 215N, 1292E,  40, 1000, XX,  34, NEQ, 0111, 0077, 0000, 0061, -999, -999,   71,    -88,    192,    291, Y,  322,   74,  253,  588,  290,  508
TG, 0015, 2023071500_F018_205N_1303E_FOF, 2023071500, 03, GFSO, 030, 227N, 1278E,  43, 1000, XX,  34, NEQ, 0096, 0000, 0000, 0000, 1002,   53,   66,   -100,    348,   -139, N,  321,   82,  246,  420,  240,  329
TG, 0015, 2023071500_F018_205N_1303E_FOF, 2023071500, 03, GFSO, 036, 245N, 1264E,  34, 1002, XX,  34, NEQ, 0067, 0000, 0000, 0000, -999, -999,   67,   -148,    235,    -64, N,  322,   99,  302,  932,  265,  687
TG, 0015, 2023071500_F018_205N_1303E_FOF, 2023071500, 03, GFSO, 042, 259N, 1250E,  32,  999, XX,  34, NEQ, 0000, 0000, 0000, 0000, 1002,   97,   86,   -125,    697,   -102, N,  322,   86,  293, 1120,  240,  494
TG, 0015, 2023071500_F018_205N_1303E_FOF, 2023071500, 03, GFSO, 048, 273N, 1243E,  30, 1001, XX,  34, NEQ, 0000, 0000, 0000, 0000, -999, -999,  151,    -78,     51,    406, Y,  334,   79,  181,  528,  228,  829
TG, 0016, 2023071500_F018_206N_1306E_FOF, 2023071500, 03, GFSO, 018, 206N, 1306E,  39,  998, XX,  34, NEQ, 0000, 0000, 0000, 0055, 1001,   30,   52,   -999,  -9999,  -9999, Y,  333,   74,  358,  998,  393, 1005
TG, 0016, 2023071500_F018_206N_1306E_FOF, 2023071500, 03, GFSO, 024, 215N, 1292E,  40, 1000, XX,  34, NEQ, 0111, 0076, 0000, 0062, 1003,   41,   71,    -67,    192,    291, Y,  315,   77,  267, 1051,  280,  986
TG, 0016, 2023071500_F018_206N_1306E_FOF, 2023071500, 03, GFSO, 030, 227N, 1278E,  43, 1000, XX,  34, NEQ, 0096, 0000, 0000, 0000, -999, -999,   66,    -99,    312,   -120, N,  321,   83,  246,  420,  240,  329
TG, 0016, 2023071500_F018_206N_1306E_FOF, 2023071500, 03, GFSO, 036, 246N, 1264E,  34, 1002, XX,  34, NEQ, 0066, 0000, 0000, 0000, 1003,   50,   66,   -149,    235,    -64, N,  321,  100,  302,  932,  267,  687
TG, 0016, 2023071500_F018_206N_1306E_FOF, 2023071500, 03, GFSO, 042, 259N, 1250E,  32,  999, XX,  34, NEQ, 0000, 0000, 0000, 0000, -999, -999,   86,   -125,    697,   -102, N,  322,   85,  293, 1120,  240,  494
TG, 0016, 2023071500_F018_206N_1306E_FOF, 2023071500, 03, GFSO, 048, 273N, 1243E,  30, 1001, XX,  34, NEQ, 0000, 0000, 0000, 0000, 1002,   32,  151,    -78,     51,    406, Y,  334,   79,  181,  528,  229,  829
TG, 0016, 2023071500_F018_206N_1306E_FOF, 2023071500, 03, GFSO, 054, 288N, 1236E,  29, 1002, XX,  34, NEQ, 0000, 0000, 0000, 0000, 1004,   71,  152,    -94,    512,     93, Y,  342,   73,  114,  488,  194,  867
TG, 0016, 2023071500_F018_206N_1306E_FOF, 2023071500, 03, GFSO, 060, 297N, 1233E,  26, 1002, XX,  34, NEQ, 0000, 0000, 0000, 0000, 1005,   64,  137,    -77,    220,    325, Y,  343,   52,  122,  598,  251,  479
TG, 0016, 2023071500_F018_206N_1306E_FOF, 2023071500, 03, GFSO, 066, 312N, 1229E,  26, 1003, XX,  34, NEQ, 0000, 0000, 0000, 0000, 1005,   57,   81,    -57,    549,   -647, N,  356,   66,  183,  528,  261,  415
TG, 0016, 2023071500_F018_206N_1306E_FOF, 2023071500, 03, GFSO, 072, 323N, 1233E,  22, 1005, XX,  34, NEQ, 0000, 0000, 0000, 0000, 1007,   72,  130,     25,    515,   -973, N,   21,   51,  175,  465,  240,  412
TG, 0016, 2023071500_F018_206N_1306E_FOF, 2023071500, 03, GFSO, 078, 333N, 1238E,  23, 1005, XX,  34, NEQ, 0000, 0000, 0000, 0000, 1006,   50,  109,     56,    381,  -1166, N,   36,   45,  164,  296,  221,  360
TG, 0016, 2023071500_F018_206N_1306E_FOF, 2023071500, 03, GFSO, 084, 339N, 1240E,  18, 1006, XX,  34, NEQ, 0000, 0000, 0000, 0000, 1007,   50,   84,     -3,    225,  -1660, N,   34,   28,  152,  321,  199,  261
TG, 0016, 2023071500_F018_206N_1306E_FOF, 2023071500, 03, GFSO, 090, 343N, 1241E,  17, 1006, XX,  34, NEQ, 0000, 0000, 0000, 0000, 1007,   47,   55,     43,   -249,  -1887, N,   59,   28,  135,  298,  173,  208
TG, 0016, 2023071500_F018_206N_1306E_FOF, 2023071500, 03, GFSO, 096, 342N, 1245E,  17, 1007, XX,  34, NEQ, 0000, 0000, 0000, 0000, 1009,  106,   70,    202,   -581,  -1885, N,   95,   25,   63,  216,  169,  208
TG, 0016, 2023071500_F018_206N_1306E_FOF, 2023071500, 03, GFSO, 102, 340N, 1248E,  14, 1007, XX,  34, NEQ, 0000, 0000, 0000, 0000, -999, -999,   72,    134,   -602,  -1861, N,  101,   27,  110,  183,  168,  245
TG, 0016, 2023071500_F018_206N_1306E_FOF, 2023071500, 03, GFSO, 108, 340N, 1253E,  12, 1008, XX,  34, NEQ, 0000, 0000, 0000, 0000, -999, -999,   94,    143,   -713,  -1915, N,  100,   24,   92,  147,  158,  273
TG, 0022, 2023071500_F024_400N_1512E_FOF, 2023071500, 03, GFSO, 024, 400N, 1512E,  27, 1005, XX,  34, NEQ, 0000, 0000, 0000, 0000, 1007,  151,   94,   -999,  -9999,  -9999, N,   94,  105,  164,  254,  241,  404
TG, 0022, 2023071500_F024_400N_1512E_FOF, 2023071500, 03, GFSO, 030, 400N, 1541E,  30, 1004, XX,  34, NEQ, 0000, 0000, 0000, 0000, 1007,  173,  119,    103,   -199,  -2198, N,   92,  108,  169,  301,  209,  378
TG, 0022, 2023071500_F024_400N_1512E_FOF, 2023071500, 03, GFSO, 036, 402N, 1567E,  32, 1004, XX,  34, NEQ, 0000, 0000, 0000, 0000, 1010,  381,  103,     96,   -318,  -2486, N,   83,   93,  179,  313,  192,  300
TG, 0022, 2023071500_F024_400N_1512E_FOF, 2023071500, 03, GFSO, 042, 410N, 1587E,  34, 1003, XX,  34, NEQ, 0000, 0000, 0000, 0000, 1010,  411,  155,     46,   -316,  -2388, N,   70,   89,  186,  246,  243,  268
TG, 0022, 2023071500_F024_400N_1512E_FOF, 2023071500, 03, GFSO, 048, 423N, 1602E,  31, 1003, XX,  34, NEQ, 0000, 0000, 0000, 0000, 1010,  434,  100,     55,   -691,  -2099, N,   53,   89,  138,  250,  211,  323
TG, 0022, 2023071500_F024_400N_1512E_FOF, 2023071500, 03, GFSO, 054, 438N, 1617E,  27, 1003, XX,  34, NEQ, 0000, 0000, 0000, 0000, 1006,  239,   75,    144,   -505,  -2317, N,   51,   97,  109,  175,  231,  208
TG, 0022, 2023071500_F024_400N_1512E_FOF, 2023071500, 03, GFSO, 060, 452N, 1634E,  29, 1003, XX,  34, NEQ, 0000, 0000, 0000, 0000, 1005,  171,  134,    203,   -708,  -1760, N,   48,  101,  119,  183,  241,  237
TG, 0022, 2023071500_F024_400N_1512E_FOF, 2023071500, 03, GFSO, 066, 467N, 1644E,  30, 1003, XX,  34, NEQ, 0000, 0000, 0000, 0000, 1005,  197,  154,    244,   -771,  -1755, N,   41,   90,  128,  133,  246,  213
TG, 0022, 2023071500_F024_400N_1512E_FOF, 2023071500, 03, GFSO, 072, 477N, 1648E,  28, 1004, XX,  34, NEQ, 0000, 0000, 0000, 0000, -999, -999,  137,    231,   -732,  -1775, N,   32,   71,  160,  140,  213,  200
TG, 0023, 2023071500_F024_060N_1386E_FOF, 2023071500, 03, GFSO, 024,  60N, 1386E,  17, 1007, XX,  34, NEQ, 0000, 0000, 0000, 0000, 1008,  193,   82,   -999,  -9999,  -9999, Y,  270,   36,   74,  230,  108,  218
TG, 0023, 2023071500_F024_060N_1386E_FOF, 2023071500, 03, GFSO, 030,  64N, 1371E,  17, 1005, XX,  34, NEQ, 0000, 0000, 0000, 0000, -999, -999,  124,     60,   -119,     83, N,  276,   55,   88,  150,   90,  273
TG, 0023, 2023071500_F024_060N_1386E_FOF, 2023071500, 03, GFSO, 036,  64N, 1365E,  19, 1007, XX,  34, NEQ, 0000, 0000, 0000, 0000, 1008,  134,   59,     67,   -156,    219, Y,  264,   34,  116,  160,  188,  362
TG, 0023, 2023071500_F024_060N_1386E_FOF, 2023071500, 03, GFSO, 042,  59N, 1352E,  24, 1003, XX,  34, NEQ, 0000, 0000, 0000, 0000, 1005,   76,   56,     35,   -189,    281, N,  245,   47,  116,  334,  227,  511
TG, 0023, 2023071500_F024_060N_1386E_FOF, 2023071500, 03, GFSO, 048,  52N, 1343E,  32, 1006, XX,  34, NEQ, 0000, 0000, 0000, 0000, 1007,   34,  117,      6,    -83,    278, Y,  229,   36,  159,  712,  210,  585
TG, 0023, 2023071500_F024_060N_1386E_FOF, 2023071500, 03, GFSO, 054,  48N, 1342E,  34, 1003, XX,  34, NEQ, 0000, 0000, 0134, 0000, -999, -999,  134,    -29,    -78,    260, N,  170,   13,  204,  440,  188,  529
TG, 0023, 2023071500_F024_060N_1386E_FOF, 2023071500, 03, GFSO, 060,  49N, 1343E,  38, 1004, XX,  34, NEQ, 0000, 0000, 0054, 0000, 1007,   66,   51,     -9,   -201,    252, N,   71,    6,  387, 1008,  408, 1283
TG, 0023, 2023071500_F024_060N_1386E_FOF, 2023071500, 03, GFSO, 066,  53N, 1352E,  37, 1002, XX,  34, NEQ, 0000, 0071, 0115, 0000, -999, -999,  113,    -44,     36,    157, N,   54,   38,  311,  845,  295,  653
TG, 0023, 2023071500_F024_060N_1386E_FOF, 2023071500, 03, GFSO, 072,  64N, 1356E,  41, 1001, XX,  34, NEQ, 0061, 0070, 0085, 0000, 1008,  254,   52,    -31,    389,    350, Y,   16,   45,  391,  726,  319,  786
TG, 0023, 2023071500_F024_060N_1386E_FOF, 2023071500, 03, GFSO, 078,  74N, 1356E,  42,  997, XX,  34, NEQ, 0054, 0119, 0118, 0000, -999, -999,   77,    -24,    560,    295, N,    1,   44,  350,  738,  364,  591
TG, 0023, 2023071500_F024_060N_1386E_FOF, 2023071500, 03, GFSO, 084,  85N, 1357E,  39,  996, XX,  34, NEQ, 0000, 0098, 0228, 0041, 1006,  129,   32,    -25,    862,    433, N,  356,   46,  429, 1142,  406,  928
TG, 0023, 2023071500_F024_060N_1386E_FOF, 2023071500, 03, GFSO, 090,  94N, 1356E,  47,  992, XX,  34, NEQ, 0055, 0069, 0034, 0040, -999, -999,   32,    -14,    634,    838, Y,  351,   45,  506, 1419,  574, 1367
TG, 0023, 2023071500_F024_060N_1386E_FOF, 2023071500, 03, GFSO, 096, 106N, 1352E,  55,  986, XX,  34, NEQ, 0042, 0052, 0040, 0039, 1002,   42,   17,     -1,   1008,   1105, Y,  340,   56,  611, 2156,  563, 2007
TG, 0023, 2023071500_F024_060N_1386E_FOF, 2023071500, 03, GFSO, 102, 117N, 1349E,  56,  982, XX,  34, NEQ, 0058, 0055, 0041, 0052, -999, -999,   22,     -3,   1276,    917, Y,  346,   52,  608, 2161,  631, 1806
TG, 0023, 2023071500_F024_060N_1386E_FOF, 2023071500, 03, GFSO, 108, 125N, 1344E,  55,  977, XX,  34, NEQ, 0049, 0046, 0045, 0050,  998,   42,   24,     22,    989,   1319, Y,  334,   44,  664, 2675,  733, 2703
TG, 0023, 2023071500_F024_060N_1386E_FOF, 2023071500, 03, GFSO, 114, 132N, 1339E,  66,  982, XX,  34, NEQ, 0056, 0053, 0050, 0053, 1000,   75,   15,     35,    618,    938, Y,  333,   37,  615, 1886,  647, 1639
TG, 0023, 2023071500_F024_060N_1386E_FOF, 2023071500, 03, GFSO, 120, 137N, 1333E,  74,  981, XX,  34, NEQ, 0051, 0076, 0078, 0057,  999,   29,   18,     29,    744,    839, Y,  327,   31,  747, 2461,  701, 2056
TG, 0023, 2023071500_F024_060N_1386E_FOF, 2023071500, 03, GFSO, 126, 141N, 1329E,  71,  965, XX,  34, NEQ, 0055, 0066, 0076, 0054,  999,   60,   22,     20,   1813,   1581, Y,  328,   19,  850, 3212,  500, 2747
TG, 0023, 2023071500_F024_060N_1386E_FOF, 2023071500, 03, GFSO, 132, 142N, 1324E,  68,  978, XX,  34, NEQ, 0063, 0075, 0074, 0052,  999,   67,   16,     20,    722,   1081, Y,  297,   18,  823, 2676,  755, 1977
TG, 0023, 2023071500_F024_060N_1386E_FOF, 2023071500, 03, GFSO, 138, 143N, 1317E,  68,  975, XX,  34, NEQ, 0071, 0072, 0089, 0066, 1006,  272,   17,     64,   1139,   1069, Y,  291,   20,  693, 2332,  789, 2040
TG, 0023, 2023071500_F024_060N_1386E_FOF, 2023071500, 03, GFSO, 144, 142N, 1312E,  77,  977, XX,  34, NEQ, 0075, 0077, 0086, 0061,  998,   49,   17,     49,    504,   1023, Y,  280,   19,  887, 2395,  829, 2279
TG, 0023, 2023071500_F024_060N_1386E_FOF, 2023071500, 03, GFSO, 150, 143N, 1307E,  79,  974, XX,  34, NEQ, 0085, 0080, 0094, 0057, 1006,  309,   18,     55,   1142,    963, Y,  299,   18,  922, 2091,  754, 1667
TG, 0023, 2023071500_F024_060N_1386E_FOF, 2023071500, 03, GFSO, 156, 144N, 1302E,  75,  968, XX,  34, NEQ, 0095, 0084, 0083, 0073,  997,   67,   22,     68,   1072,   1988, Y,  286,   27,  839, 2442,  801, 2422
TG, 0023, 2023071500_F024_060N_1386E_FOF, 2023071500, 03, GFSO, 162, 146N, 1293E,  83,  966, XX,  34, NEQ, 0106, 0104, 0083, 0084,  993,   29,   25,     64,    916,   1763, Y,  290,   35,  925, 2678,  923, 2484
TG, 0023, 2023071500_F024_060N_1386E_FOF, 2023071500, 03, GFSO, 168, 147N, 1283E,  85,  969, XX,  34, NEQ, 0106, 0088, 0101, 0091,  995,   42,   17,     63,    510,   1365, Y,  276,   38, 1137, 2435,  995, 2131
TG, 0023, 2023071500_F024_060N_1386E_FOF, 2023071500, 03, GFSO, 174, 147N, 1273E,  82,  965, XX,  34, NEQ, 0092, 0103, 0102, 0091,  993,   42,   23,     90,    717,   1237, Y,  267,   33, 1014, 2660,  948, 2378
TG, 0023, 2023071500_F024_060N_1386E_FOF, 2023071500, 03, GFSO, 180, 145N, 1262E,  72,  963, XX,  34, NEQ, 0096, 0097, 0095, 0075,  995,   65,   36,     77,   1554,   1554, Y,  260,   36,  953, 2878,  913, 2568
TG, 0023, 2023071500_F024_060N_1386E_FOF, 2023071500, 03, GFSO, 192, 144N, 1248E,  76,  967, XX,  34, NEQ, 0104, 0112, 0080, 0087,  996,   84,   27,     67,   1977,   1721, Y,  283,   16,  831, 1936,  848, 1850
TG, 0023, 2023071500_F024_060N_1386E_FOF, 2023071500, 03, GFSO, 204, 145N, 1241E,  69,  971, XX,  34, NEQ, 0091, 0111, 0160, 0070,  990,   42,   25,     69,   1672,   1638, Y,  334,    7,  845, 2236,  740, 1882
TG, 0023, 2023071500_F024_060N_1386E_FOF, 2023071500, 03, GFSO, 216, 149N, 1234E,  67,  967, XX,  34, NEQ, 0125, 0203, 0256, 0068,  992,   65,   23,     13,   1985,   1542, Y,  353,   27,  862, 2436,  690, 1954
TG, 0023, 2023071500_F024_060N_1386E_FOF, 2023071500, 03, GFSO, 228, 162N, 1226E,  73,  961, XX,  34, NEQ, 0139, 0224, 0494, 0107,  988,   58,   17,   -115,   1088,   1888, Y,  337,   50, 1039, 2932,  873, 2399
TG, 0023, 2023071500_F024_060N_1386E_FOF, 2023071500, 03, GFSO, 240, 179N, 1202E,  50,  977, XX,  34, NEQ, 0223, 0242, 0000, 0210,  986,   60,   39,    -59,    791,   1089, Y,  306,   66,  592, 1587,  605, 1258
TG, 0023, 2023071500_F024_060N_1386E_FOF, 2023071500, 03, GFSO, 252, 182N, 1181E,  50,  973, XX,  34, NEQ, 0261, 0433, 0141, 0202,  986,   91,   23,      4,    902,   1112, Y,  285,   43,  738, 1198,  676, 1159
TG, 0023, 2023071500_F024_060N_1386E_FOF, 2023071500, 03, GFSO, 264, 185N, 1167E,  66,  967, XX,  34, NEQ, 0310, 0225, 0153, 0245,  978,   90,   34,     85,   1314,   1347, Y,  328,   24,  759, 1695,  719, 1653
TG, 0023, 2023071500_F024_060N_1386E_FOF, 2023071500, 03, GFSO, 276, 202N, 1156E,  72,  959, XX,  34, NEQ, 0193, 0186, 0181, 0141,  971,   30,   52,     -8,   1381,   1342, Y,  341,   55,  808, 1250,  818, 1256
TG, 0023, 2023071500_F024_060N_1386E_FOF, 2023071500, 03, GFSO, 288, 219N, 1141E,  74,  956, XX,  34, NEQ, 0164, 0180, 0177, 0082,  972,   41,   49,    -52,   1683,   1904, Y,  334,   59,  938, 1833,  858, 1227
TG, 0023, 2023071500_F024_060N_1386E_FOF, 2023071500, 03, GFSO, 300, 236N, 1125E,  40,  973, XX,  34, NEQ, 0000, 0168, 0000, 0000,  985,   69,  112,    -81,    717,    833, Y,  327,   60,  640, 1773,  699, 1180
TG, 0023, 2023071500_F024_060N_1386E_FOF, 2023071500, 03, GFSO, 312, 259N, 1115E,  18,  990, XX,  34, NEQ, 0000, 0000, 0000, 0000,  999,  330,   67,     29,   -191,    586, Y,  337,   67,  204,  515,  260,  673
TG, 0023, 2023071500_F024_060N_1386E_FOF, 2023071500, 03, GFSO, 324, 277N, 1103E,  12,  998, XX,  34, NEQ, 0000, 0000, 0000, 0000, -999, -999,  162,     61,   -319,    300, Y,  330,   55,  159,  334,  197,  250
TG, 0042, 2023071500_F042_403N_1298E_FOF, 2023071500, 03, GFSO, 042, 403N, 1298E,  19, 1007, XX,  34, NEQ, 0000, 0000, 0000, 0000, 1008,  114,  159,   -999,  -9999,  -9999, N,   67,  118,  100,  332,  171,  221
TG, 0042, 2023071500_F042_403N_1298E_FOF, 2023071500, 03, GFSO, 048, 415N, 1316E,  22, 1009, XX,  34, NEQ, 0000, 0000, 0000, 0000, -999, -999,   72,    432,  -1799,  -1419, N,   66,  100,  111,  220,  196,  245
TG, 0042, 2023071500_F042_403N_1298E_FOF, 2023071500, 03, GFSO, 054, 418N, 1323E,  18, 1009, XX,  34, NEQ, 0000, 0000, 0000, 0000, 1010,   40,   51,    418,  -1891,  -1425, N,   74,   69,  132,  218,  194,  235
TG, 0042, 2023071500_F042_403N_1298E_FOF, 2023071500, 03, GFSO, 060, 424N, 1339E,  12, 1011, XX,  34, NEQ, 0000, 0000, 0000, 0000, 1012,  184,   18,    361,  -1682,  -1817, N,   77,   77,  116,  178,  194,  240
TG, 0042, 2023071500_F042_403N_1298E_FOF, 2023071500, 03, GFSO, 066, 423N, 1354E,  13, 1010, XX,  34, NEQ, 0000, 0000, 0000, 0000, -999, -999,   44,    339,  -1574,  -2260, N,   87,   77,  109,  149,  184,  242
TG, 0042, 2023071500_F042_403N_1298E_FOF, 2023071500, 03, GFSO, 072, 425N, 1368E,  12, 1011, XX,  34, NEQ, 0000, 0000, 0000, 0000, -999, -999,  120,    311,  -1296,  -2372, N,   87,   68,   97,  145,  179,  203
TG, 0048, 2023071500_F054_044N_1367E_FOF, 2023071500, 03, GFSO, 054,  44N, 1367E,  32, 1003, XX,  34, NEQ, 0000, 0000, 0000, 0000, 1004,   49,  161,   -999,  -9999,  -9999, N,    2,   18,  256,  803,  259,  690
TG, 0048, 2023071500_F054_044N_1367E_FOF, 2023071500, 03, GFSO, 060,  52N, 1352E,  38, 1004, XX,  34, NEQ, 0000, 0000, 0112, 0000, -999, -999,  111,     65,   -191,    263, N,  304,   47,  387,  660,  302,  801
TG, 0048, 2023071500_F054_044N_1367E_FOF, 2023071500, 03, GFSO, 066,  53N, 1351E,  37, 1002, XX,  34, NEQ, 0000, 0072, 0112, 0000, 1005,  100,  110,     37,     36,    157, N,   23,   14,  311,  845,  295,  653
TG, 0048, 2023071500_F054_044N_1367E_FOF, 2023071500, 03, GFSO, 072,  64N, 1356E,  41, 1001, XX,  34, NEQ, 0061, 0069, 0085, 0000, -999, -999,   52,    -31,    389,    350, Y,   17,   46,  390,  726,  319,  786
TG, 0048, 2023071500_F054_044N_1367E_FOF, 2023071500, 03, GFSO, 078,  74N, 1356E,  42,  997, XX,  34, NEQ, 0054, 0119, 0119, 0000, 1003,   75,   77,    -24,    560,    295, N,    1,   45,  350,  738,  364,  591
TG, 0048, 2023071500_F054_044N_1367E_FOF, 2023071500, 03, GFSO, 084,  85N, 1357E,  39,  996, XX,  34, NEQ, 0000, 0098, 0228, 0041, -999, -999,   32,    -25,    862,    433, N,  356,   45,  429, 1142,  406,  928
TG, 0048, 2023071500_F054_044N_1367E_FOF, 2023071500, 03, GFSO, 090,  94N, 1356E,  47,  992, XX,  34, NEQ, 0055, 0070, 0034, 0040, 1002,   60,   32,    -14,    634,    838, Y,  351,   45,  506, 1419,  574, 1367
TG, 0048, 2023071500_F054_044N_1367E_FOF, 2023071500, 03, GFSO, 096, 105N, 1352E,  55,  986, XX,  34, NEQ, 0043, 0052, 0039, 0040, -999, -999,   18,     -2,   1008,   1105, Y,  340,   55,  611, 2156,  563, 2007
TG, 0063, 2023071500_F078_068N_1298E_FOF, 2023071500, 03, GFSO, 078,  68N, 1298E,  34, 1001, XX,  34, NEQ, 0000, 0000, 0000, 0000, 1005,   60,   27,   -999,  -9999,  -9999, Y,  119,   29,   91,  303,  185,  979
TG, 0063, 2023071500_F078_068N_1298E_FOF, 2023071500, 03, GFSO, 084,  71N, 1313E,  34, 1006, XX,  34, NEQ, 0000, 0081, 0000, 0000, 1007,   20,   81,    -29,    944,    494, N,   83,   48,  170,  180,  257,  165
TG, 0063, 2023071500_F078_068N_1298E_FOF, 2023071500, 03, GFSO, 090,  77N, 1330E,  35, 1003, XX,  34, NEQ, 0232, 0000, 0251, 0000, 1004,   21,  158,    -17,    702,    805, Y,   63,   64,  145,  469,  174,  482
TG, 0063, 2023071500_F078_068N_1298E_FOF, 2023071500, 03, GFSO, 096, 102N, 1350E,  55,  986, XX,  34, NEQ, 0069, 0044, 0022, 0052, -999, -999,   32,     -5,   1040,   1079, Y,   29,   99,  611, 2156,  563, 2007
TG, 0063, 2023071500_F078_068N_1298E_FOF, 2023071500, 03, GFSO, 102, 116N, 1349E,  56,  982, XX,  34, NEQ, 0059, 0054, 0041, 0052, 1000,   59,   22,     -4,   1278,    889, Y,  353,   60,  608, 2161,  631, 1806
TG, 0063, 2023071500_F078_068N_1298E_FOF, 2023071500, 03, GFSO, 108, 125N, 1344E,  55,  977, XX,  34, NEQ, 0048, 0045, 0047, 0051, -999, -999,   26,     21,    990,   1319, Y,  335,   45,  664, 2675,  733, 2703
TG, 0071, 2023071500_F084_069N_1296E_FOF, 2023071500, 03, GFSO, 084,  69N, 1296E,  33, 1004, XX,  34, NEQ, 0000, 0000, 0000, 0000, 1006,   30,  145,   -999,  -9999,  -9999, N,  111,   25,  190,  575,  100, 1063
TG, 0071, 2023071500_F084_069N_1296E_FOF, 2023071500, 03, GFSO, 090,  68N, 1295E,  36, 1002, XX,  34, NEQ, 0000, 0000, 0039, 0000, 1005,   30,   36,     18,    -54,    381, Y,   92,   17,  124,  397,  248,  740
TG, 0071, 2023071500_F084_069N_1296E_FOF, 2023071500, 03, GFSO, 096,  72N, 1293E,  33, 1005, XX,  34, NEQ, 0000, 0000, 0000, 0000, 1007,   30,   73,     31,    -27,    302, Y,   36,   21,   96,  814,  132, 1424
TG, 0071, 2023071500_F084_069N_1296E_FOF, 2023071500, 03, GFSO, 102,  80N, 1304E,  32, 1005, XX,  34, NEQ, 0000, 0000, 0000, 0000, -999, -999,   79,    -29,   -112,    280, N,   59,   59,  128,  504,  130,  404
TG, 0071, 2023071500_F084_069N_1296E_FOF, 2023071500, 03, GFSO, 108,  82N, 1312E,  27, 1007, XX,  34, NEQ, 0000, 0000, 0000, 0000, -999, -999,   43,    -16,   -156,    493, Y,   72,   54,   80,  447,  165,  365
TG, 0076, 2023071500_F084_346N_1377E_FOF, 2023071500, 03, GFSO, 084, 346N, 1377E,  21, 1011, XX,  34, NEQ, 0000, 0000, 0000, 0000, 1012,  127,   91,   -999,  -9999,  -9999, N,   78,   58,   54,  209,  113,  124
TG, 0076, 2023071500_F084_346N_1377E_FOF, 2023071500, 03, GFSO, 090, 346N, 1385E,  18, 1009, XX,  34, NEQ, 0000, 0000, 0000, 0000, 1010,  178,  119,    204,   -945,   -609, N,   80,   51,   78,  254,  117,  165
TG, 0076, 2023071500_F084_346N_1377E_FOF, 2023071500, 03, GFSO, 096, 351N, 1391E,  18, 1009, XX,  34, NEQ, 0000, 0000, 0000, 0000, 1010,  136,  140,    199,  -1127,   -898, N,   73,   57,   65,  199,  167,  289
TG, 0076, 2023071500_F084_346N_1377E_FOF, 2023071500, 03, GFSO, 102, 360N, 1403E,  20, 1007, XX,  34, NEQ, 0000, 0000, 0000, 0000, 1008,  123,  127,    204,  -1283,  -1497, N,   71,   78,   62,  197,  123,  285
TG, 0076, 2023071500_F084_346N_1377E_FOF, 2023071500, 03, GFSO, 108, 358N, 1407E,  20, 1007, XX,  34, NEQ, 0000, 0000, 0000, 0000, 1008,  203,   81,    219,  -1299,  -1620, N,   90,   51,  106,  271,  191,  393
TG, 0076, 2023071500_F084_346N_1377E_FOF, 2023071500, 03, GFSO, 114, 361N, 1419E,  21, 1006, XX,  34, NEQ, 0000, 0000, 0000, 0000, -999, -999,   96,    278,  -1483,  -1784, N,   81,   71,  115,  203,  215,  359
TG, 0076, 2023071500_F084_346N_1377E_FOF, 2023071500, 03, GFSO, 120, 365N, 1435E,  28, 1007, XX,  34, NEQ, 0000, 0000, 0000, 0000, -999, -999,  101,    246,  -1444,  -1907, N,   78,   74,  125,  256,  155,  264
TG, 0077, 2023071500_F090_446N_1091E_FOF, 2023071500, 03, GFSO, 090, 446N, 1091E,  25,  999, XX,  34, NEQ, 0000, 0000, 0000, 0000, 1000,   61,  159,   -999,  -9999,  -9999, N,   78,   44,  212,  684,  216,  235
TG, 0077, 2023071500_F090_446N_1091E_FOF, 2023071500, 03, GFSO, 096, 449N, 1106E,  26, 1002, XX,  34, NEQ, 0000, 0000, 0000, 0000, 1003,   40,   47,    524,  -1238,   -980, N,   83,   50,  239,  705,  161,  294
TG, 0077, 2023071500_F090_446N_1091E_FOF, 2023071500, 03, GFSO, 102, 452N, 1135E,  16, 1000, XX,  34, NEQ, 0000, 0000, 0000, 0000, -999, -999,   44,    519,  -1660,   -664, N,   86,   78,  127,  305,  154,  338
TG, 0077, 2023071500_F090_446N_1091E_FOF, 2023071500, 03, GFSO, 108, 446N, 1166E,  21, 1002, XX,  34, NEQ, 0000, 0000, 0000, 0000, -999, -999,   69,    313,  -1184,   -430, N,  100,   78,    7,  574,  176,  189
TG, 0077, 2023071500_F090_446N_1091E_FOF, 2023071500, 03, GFSO, 114, 447N, 1174E,  17, 1005, XX,  34, NEQ, 0000, 0000, 0000, 0000, 1006,   36,  125,    350,  -1590,   -520, N,   86,   37,  142,  533,  146,  102
TG, 0086, 2023071500_F096_128N_1182E_FOF, 2023071500, 03, GFSO, 096, 128N, 1182E,  33, 1002, XX,  34, NEQ, 0000, 0000, 0000, 0000, 1003,   43,   50,   -999,  -9999,  -9999, N,   36,   31,  273,  868,  210,  657
TG, 0086, 2023071500_F096_128N_1182E_FOF, 2023071500, 03, GFSO, 102, 140N, 1178E,  33,  997, XX,  34, NEQ, 0000, 0000, 0000, 0000, 1001,   95,   43,     28,    -96,    299, Y,  347,   50,  263,  804,  210,  458
TG, 0086, 2023071500_F096_128N_1182E_FOF, 2023071500, 03, GFSO, 108, 156N, 1171E,  29,  999, XX,  34, NEQ, 0000, 0000, 0000, 0000, 1001,   66,  136,     37,    135,    188, Y,  330,   71,  115,  504,  274,  722
TG, 0086, 2023071500_F096_128N_1182E_FOF, 2023071500, 03, GFSO, 114, 164N, 1156E,  28,  997, XX,  34, NEQ, 0000, 0000, 0000, 0000, 1000,   85,  143,     89,   -131,    303, Y,  305,   71,  201,  473,  176,  280
TG, 0086, 2023071500_F096_128N_1182E_FOF, 2023071500, 03, GFSO, 120, 168N, 1141E,  25,  997, XX,  34, NEQ, 0000, 0000, 0000, 0000, 1000,   83,   89,    126,   -246,    245, N,  292,   65,  201,  380,  154,  374
TG, 0086, 2023071500_F096_128N_1182E_FOF, 2023071500, 03, GFSO, 126, 167N, 1128E,  23,  996, XX,  34, NEQ, 0000, 0000, 0000, 0000, 1000,  172,  108,    150,   -121,    283, N,  274,   54,  213,  414,  143,  317
TG, 0086, 2023071500_F096_128N_1182E_FOF, 2023071500, 03, GFSO, 132, 161N, 1120E,  24,  996, XX,  34, NEQ, 0000, 0000, 0000, 0000, 1002,  221,   67,    122,    -13,    249, N,  252,   40,  218,  467,  197,  287
TG, 0086, 2023071500_F096_128N_1182E_FOF, 2023071500, 03, GFSO, 138, 154N, 1119E,  38,  991, XX,  34, NEQ, 0039, 0057, 0061, 0000,  997,  106,   26,     40,     54,    372, Y,  209,   11,  362,  729,  268,  746
TG, 0086, 2023071500_F096_128N_1182E_FOF, 2023071500, 03, GFSO, 144, 157N, 1117E,  38,  991, XX,  34, NEQ, 0000, 0073, 0000, 0000,  998,   89,   72,      7,    142,    534, Y,  342,   19,  389,  938,  182,  773
TG, 0086, 2023071500_F096_128N_1182E_FOF, 2023071500, 03, GFSO, 150, 159N, 1114E,  38,  985, XX,  34, NEQ, 0038, 0094, 0092, 0000,  994,   70,   57,     36,    754,    790, Y,  331,   21,  450, 1256,  481, 1245
TG, 0086, 2023071500_F096_128N_1182E_FOF, 2023071500, 03, GFSO, 156, 163N, 1108E,  40,  987, XX,  34, NEQ, 0071, 0076, 0000, 0046,  995,   81,   42,     35,    671,    674, Y,  315,   30,  447,  950,  401,  777
TG, 0086, 2023071500_F096_128N_1182E_FOF, 2023071500, 03, GFSO, 162, 166N, 1101E,  50,  981, XX,  34, NEQ, 0060, 0090, 0065, 0093,  993,   65,   42,     56,    645,    861, Y,  313,   31,  476, 1371,  452, 1345
TG, 0086, 2023071500_F096_128N_1182E_FOF, 2023071500, 03, GFSO, 168, 169N, 1092E,  54,  981, XX,  34, NEQ, 0105, 0113, 0061, 0070,  991,   41,   30,     28,    712,   1038, Y,  309,   35,  615, 1474,  551, 1002
TG, 0086, 2023071500_F096_128N_1182E_FOF, 2023071500, 03, GFSO, 174, 173N, 1085E,  51,  978, XX,  34, NEQ, 0074, 0047, 0045, 0055,  985,   29,   36,     22,   1018,    960, Y,  320,   32,  712, 1447,  620, 1391
TG, 0086, 2023071500_F096_128N_1182E_FOF, 2023071500, 03, GFSO, 180, 177N, 1076E,  55,  978, XX,  34, NEQ, 0066, 0053, 0046, 0076,  985,   29,   29,     15,   1049,    905, Y,  303,   38,  678, 1533,  647, 1347
TG, 0086, 2023071500_F096_128N_1182E_FOF, 2023071500, 03, GFSO, 192, 183N, 1050E,  26,  993, XX,  34, NEQ, 0000, 0000, 0000, 0000,  998,   84,   73,     95,     39,    206, Y,  293,   42,  400,  777,  349,  965
TG, 0086, 2023071500_F096_128N_1182E_FOF, 2023071500, 03, GFSO, 204, 190N, 1044E,  19, 1002, XX,  34, NEQ, 0000, 0000, 0000, 0000, -999, -999,  148,     85,   -110,   -105, N,  327,   33,  151,  284,  108,  343
TG, 0090, 2023071500_F096_364N_1321E_FOF, 2023071500, 03, GFSO, 096, 364N, 1321E,  18, 1008, XX,  34, NEQ, 0000, 0000, 0000, 0000, 1009,   12,   50,   -999,  -9999,  -9999, N,   90,   76,  118,  808,  263,  605
TG, 0090, 2023071500_F096_364N_1321E_FOF, 2023071500, 03, GFSO, 102, 361N, 1346E,  19, 1007, XX,  34, NEQ, 0000, 0000, 0000, 0000, 1008,   80,    7,    270,  -1316,  -1757, N,   95,   94,   74,  288,  182,  295
TG, 0090, 2023071500_F096_364N_1321E_FOF, 2023071500, 03, GFSO, 108, 351N, 1388E,  20, 1007, XX,  34, NEQ, 0000, 0000, 0000, 0000, -999, -999,   90,    234,  -1145,  -1714, N,   98,  132,   79,  438,  183,  264
TG, 0090, 2023071500_F096_364N_1321E_FOF, 2023071500, 03, GFSO, 114, 357N, 1410E,  21, 1006, XX,  34, NEQ, 0000, 0000, 0000, 0000, 1008,  421,   88,    265,  -1422,  -1765, N,   79,   91,  115,  257,  166,  258
TG, 0090, 2023071500_F096_364N_1321E_FOF, 2023071500, 03, GFSO, 120, 364N, 1434E,  28, 1007, XX,  34, NEQ, 0000, 0000, 0000, 0000, 1008,  118,   96,    239,  -1434,  -1931, N,   76,   94,  149,  288,  208,  265
TG, 0090, 2023071500_F096_364N_1321E_FOF, 2023071500, 03, GFSO, 126, 367N, 1453E,  27, 1006, XX,  34, NEQ, 0000, 0000, 0000, 0000, 1007,   61,   60,    220,  -1352,  -1936, N,   77,   83,  132,  328,  230,  268
TG, 0090, 2023071500_F096_364N_1321E_FOF, 2023071500, 03, GFSO, 132, 374N, 1475E,  24, 1009, XX,  34, NEQ, 0000, 0000, 0000, 0000, 1010,  201,   89,    231,  -1620,  -1897, N,   71,   95,  152,  381,  225,  488
TG, 0090, 2023071500_F096_364N_1321E_FOF, 2023071500, 03, GFSO, 138, 379N, 1495E,  26, 1008, XX,  34, NEQ, 0000, 0000, 0000, 0000, 1010,  195,   51,    260,  -1543,  -1971, N,   72,   92,  106,  365,  267,  868
TG, 0090, 2023071500_F096_364N_1321E_FOF, 2023071500, 03, GFSO, 144, 394N, 1528E,  27, 1010, XX,  34, NEQ, 0000, 0000, 0000, 0000, 1011,   28,   53,    276,  -1506,  -2088, N,   64,  131,  188,  741,  294,  632
TG, 0090, 2023071500_F096_364N_1321E_FOF, 2023071500, 03, GFSO, 150, 416N, 1563E,  31, 1011, XX,  34, NEQ, 0000, 0000, 0000, 0000, 1012,   48,  141,    264,  -1318,  -2051, N,   61,  143,  213,  479,  291,  509
TG, 0090, 2023071500_F096_364N_1321E_FOF, 2023071500, 03, GFSO, 156, 427N, 1586E,  24, 1013, XX,  34, NEQ, 0000, 0000, 0000, 0000, 1015,   98,  141,    315,  -1509,  -2088, N,   65,  104,  181,  381,  245,  488
TG, 0090, 2023071500_F096_364N_1321E_FOF, 2023071500, 03, GFSO, 162, 429N, 1602E,  24, 1013, XX,  34, NEQ, 0000, 0000, 0000, 0000, 1015,   64,  115,    332,  -1484,  -2127, N,   75,   86,  170,  505,  265,  395
TG, 0090, 2023071500_F096_364N_1321E_FOF, 2023071500, 03, GFSO, 168, 434N, 1628E,  19, 1015, XX,  34, NEQ, 0000, 0000, 0000, 0000, 1017,  214,   83,    352,  -1760,  -1867, N,   76,  108,  145,  273,  266,  394
TG, 0090, 2023071500_F096_364N_1321E_FOF, 2023071500, 03, GFSO, 174, 440N, 1663E,  18, 1015, XX,  34, NEQ, 0000, 0000, 0000, 0000, 1017,  219,   80,    344,  -1495,  -1726, N,   79,  127,  124,  295,  220,  358
TG, 0090, 2023071500_F096_364N_1321E_FOF, 2023071500, 03, GFSO, 180, 446N, 1698E,  16, 1016, XX,  34, NEQ, 0000, 0000, 0000, 0000, -999, -999,   74,    342,  -1208,  -1642, N,   81,  124,  123,  244,  230,  306
TG, 0115, 2023071500_F126_111N_1131E_FOF, 2023071500, 03, GFSO, 126, 111N, 1131E,  34,  999, XX,  34, NEQ, 0000, 0000, 0000, 0000, 1000,    0,   65,   -999,  -9999,  -9999, N,   70,   97,   42,  506,  156,  349
TG, 0115, 2023071500_F126_111N_1131E_FOF, 2023071500, 03, GFSO, 132, 118N, 1153E,  34, 1002, XX,  34, NEQ, 0000, 0070, 0000, 0000, -999, -999,   70,    -52,    287,    512, N,   63,  107,  106,  522,  122,  577
TG, 0115, 2023071500_F126_111N_1131E_FOF, 2023071500, 03, GFSO, 138, 133N, 1166E,  30,  997, XX,  34, NEQ, 0000, 0000, 0000, 0000,  998,    0,   56,    -56,    378,    642, Y,   36,   96,  208,  725,  205,  698
TG, 0115, 2023071500_F126_111N_1131E_FOF, 2023071500, 03, GFSO, 144, 160N, 1162E,  31,  997, XX,  34, NEQ, 0000, 0000, 0000, 0000,  998,    0,   80,    -42,    815,    790, Y,  351,  108,  156,  139,  175,  309
TG, 0115, 2023071500_F126_111N_1131E_FOF, 2023071500, 03, GFSO, 150, 168N, 1147E,  34,  999, XX,  34, NEQ, 0000, 0000, 0264, 0000, -999, -999,  161,    -10,   1019,    941, Y,  317,   75,  450,  397,  481,  136
TG, 0115, 2023071500_F126_111N_1131E_FOF, 2023071500, 03, GFSO, 156, 175N, 1133E,  40,  997, XX,  34, NEQ, 0000, 0000, 0178, 0000, -999, -999,  133,    -10,    883,    759, Y,  309,   75,  447,  268,  401,  210
TG, 0120, 2023071500_F132_440N_1106E_FOF, 2023071500, 03, GFSO, 132, 440N, 1106E,  24,  996, XX,  34, NEQ, 0000, 0000, 0000, 0000, 1001,  160,   92,   -999,  -9999,  -9999, N,   10,   33,  182,  932,  273,  534
TG, 0120, 2023071500_F132_440N_1106E_FOF, 2023071500, 03, GFSO, 138, 447N, 1106E,  29,  998, XX,  34, NEQ, 0000, 0000, 0000, 0000, 1002,  122,   90,    300,  -1000,   -288, N,    6,   35,  225,  700,  289,  312
TG, 0120, 2023071500_F132_440N_1106E_FOF, 2023071500, 03, GFSO, 144, 451N, 1113E,  27, 1000, XX,  34, NEQ, 0000, 0000, 0000, 0000, 1001,   56,  132,    329,   -934,   -420, N,   32,   31,  139,  310,  270,  192
TG, 0120, 2023071500_F132_440N_1106E_FOF, 2023071500, 03, GFSO, 150, 458N, 1102E,  28,  998, XX,  34, NEQ, 0000, 0000, 0000, 0000, -999, -999,   99,    -63,    469,   -763, Y,  311,   33,  127,  596,  307,  297
TG, 0120, 2023071500_F132_440N_1106E_FOF, 2023071500, 03, GFSO, 156, 450N, 1100E,  23,  999, XX,  34, NEQ, 0000, 0000, 0000, 0000, -999, -999,  110,    -20,    276,   -283, N,  187,   27,   97,  263,  227,  252
TG, 0128, 2023071500_F150_426N_1116E_FOF, 2023071500, 03, GFSO, 150, 426N, 1116E,  26,  994, XX,  34, NEQ, 0000, 0000, 0000, 0000,  996,   49,   68,   -999,  -9999,  -9999, N,   34,   51,  148,  281,  196,  748
TG, 0128, 2023071500_F150_426N_1116E_FOF, 2023071500, 03, GFSO, 156, 440N, 1097E,  23,  998, XX,  34, NEQ, 0000, 0000, 0000, 0000, 1000,   97,  133,   -105,    245,   -149, N,  302,   39,  176,  646,  223,  659
TG, 0128, 2023071500_F150_426N_1116E_FOF, 2023071500, 03, GFSO, 162, 435N, 1094E,  17, 1000, XX,  34, NEQ, 0000, 0000, 0000, 0000, 1002,  117,  109,    -52,   -746,   -613, N,  178,   16,  148,  333,  252,  559
TG, 0128, 2023071500_F150_426N_1116E_FOF, 2023071500, 03, GFSO, 168, 431N, 1102E,  19, 1002, XX,  34, NEQ, 0000, 0000, 0000, 0000, 1004,  118,  153,    127,   -692,  -1128, N,  118,   36,  102,  527,  219,  318
TG, 0128, 2023071500_F150_426N_1116E_FOF, 2023071500, 03, GFSO, 174, 442N, 1128E,  18, 1000, XX,  34, NEQ, 0000, 0000, 0000, 0000, -999, -999,  157,    211,   -444,  -1315, N,   72,   65,   83,  215,  201,  285
TG, 0141, 2023071500_F162_435N_1484E_FOF, 2023071500, 03, GFSO, 162, 435N, 1484E,  15, 1014, XX,  34, NEQ, 0000, 0000, 0000, 0000, 1015,   98,   63,   -999,  -9999,  -9999, N,   90,   42,  101,  250,  214,  249
TG, 0141, 2023071500_F162_435N_1484E_FOF, 2023071500, 03, GFSO, 168, 433N, 1493E,  17, 1016, XX,  34, NEQ, 0000, 0000, 0000, 0000, 1017,  167,   91,    129,  -1123,  -2532, N,   99,   39,   82,  158,  212,  261
TG, 0141, 2023071500_F162_435N_1484E_FOF, 2023071500, 03, GFSO, 174, 432N, 1505E,  16, 1016, XX,  34, NEQ, 0000, 0000, 0000, 0000, 1017,  112,  120,    152,  -1098,  -2298, N,   95,   50,   65,  135,  203,  249
TG, 0141, 2023071500_F162_435N_1484E_FOF, 2023071500, 03, GFSO, 180, 431N, 1522E,  15, 1016, XX,  34, NEQ, 0000, 0000, 0000, 0000, 1017,  114,  159,    173,  -1101,  -2575, N,   94,   59,   61,  128,  197,  252
TG, 0141, 2023071500_F162_435N_1484E_FOF, 2023071500, 03, GFSO, 192, 422N, 1553E,  13, 1016, XX,  34, NEQ, 0000, 0000, 0000, 0000, -999, -999,  140,    327,  -1610,  -2863, N,  101,   74,   48,  108,  163,  199
TG, 0163, 2023071500_F204_439N_1192E_FOF, 2023071500, 03, GFSO, 204, 439N, 1192E,  12, 1001, XX,  34, NEQ, 0000, 0000, 0000, 0000, 1002,   73,  149,   -999,  -9999,  -9999, N,   96,   65,   53,  351,  246,  209
TG, 0163, 2023071500_F204_439N_1192E_FOF, 2023071500, 03, GFSO, 216, 443N, 1219E,  14, 1000, XX,  34, NEQ, 0000, 0000, 0000, 0000, 1001,  142,  128,    256,  -1119,   -900, N,   82,   53,  131,  239,  239,  340
TG, 0163, 2023071500_F204_439N_1192E_FOF, 2023071500, 03, GFSO, 228, 460N, 1241E,  16,  998, XX,  34, NEQ, 0000, 0000, 0000, 0000, 1002,  198,  152,    158,   -675,    -62, Y,   53,   43,  130,  230,  236,  303
TG, 0163, 2023071500_F204_439N_1192E_FOF, 2023071500, 03, GFSO, 240, 475N, 1243E,  12, 1000, XX,  34, NEQ, 0000, 0000, 0000, 0000, -999, -999,  115,     94,   -376,   -203, N,   16,   33,  162,  196,  225,  401
TG, 0165, 2023071500_F204_251N_1208E_FOF, 2023071500, 03, GFSO, 204, 251N, 1208E,  26, 1006, XX,  34, NEQ, 0000, 0000, 0000, 0000, 1007,   51,   44,   -999,  -9999,  -9999, N,  271,   48,  131,  511,  126,  271
TG, 0165, 2023071500_F204_251N_1208E_FOF, 2023071500, 03, GFSO, 216, 254N, 1202E,  22, 1005, XX,  34, NEQ, 0000, 0000, 0000, 0000, -999, -999,   81,    -30,    412,    126, N,  285,   29,  115,  302,  112,  215
TG, 0165, 2023071500_F204_251N_1208E_FOF, 2023071500, 03, GFSO, 228, 253N, 1205E,  31, 1001, XX,  34, NEQ, 0000, 0000, 0000, 0000, 1002,   59,   55,      1,    249,    249, N,  279,   28,  165,  537,  143,  392
TG, 0165, 2023071500_F204_251N_1208E_FOF, 2023071500, 03, GFSO, 240, 254N, 1209E,  30, 1001, XX,  34, NEQ, 0000, 0000, 0000, 0000, -999, -999,   36,    -83,    220,    679, N,  306,   37,  163,  721,  156,  442
TG, 0168, 2023071500_F204_453N_1746E_FOF, 2023071500, 03, GFSO, 204, 453N, 1746E,  18, 1012, XX,  34, NEQ, 0000, 0000, 0000, 0000, 1014,  149,  143,   -999,  -9999,  -9999, N,   73,  109,  118,  275,  209,  381
TG, 0168, 2023071500_F204_453N_1746E_FOF, 2023071500, 03, GFSO, 216, 470N, 1797E,  20, 1007, XX,  34, NEQ, 0000, 0000, 0000, 0000, 1013,  213,   99,    432,  -1426,  -1611, N,   74,   98,  198,  412,  267,  290
TG, 0168, 2023071500_F204_453N_1746E_FOF, 2023071500, 03, GFSO, 228, 476N, 1769W,  23, 1005, XX,  34, NEQ, 0000, 0000, 0000, 0000, 1012,  202,   98,    452,   -742,  -1366, N,   83,   71,  219,  360,  284,  352
TG, 0168, 2023071500_F204_453N_1746E_FOF, 2023071500, 03, GFSO, 240, 477N, 1731W,  26, 1006, XX,  34, NEQ, 0000, 0000, 0000, 0000, 1014,  242,   81,    287,   -436,  -1446, N,   88,   67,  205,  321,  288,  362
TG, 0168, 2023071500_F204_453N_1746E_FOF, 2023071500, 03, GFSO, 252, 477N, 1699W,  24, 1008, XX,  34, NEQ, 0000, 0000, 0000, 0000, 1017,  330,  138,    158,   -200,  -1347, N,   90,   54,  180,  305,  270,  292
TG, 0168, 2023071500_F204_453N_1746E_FOF, 2023071500, 03, GFSO, 264, 470N, 1674W,  21, 1013, XX,  34, NEQ, 0000, 0000, 0000, 0000, 1019,  271,  136,    191,   -623,  -1836, N,  100,   52,  145,  281,  248,  252
TG, 0168, 2023071500_F204_453N_1746E_FOF, 2023071500, 03, GFSO, 276, 459N, 1643W,  16, 1018, XX,  34, NEQ, 0000, 0000, 0000, 0000, 1022,  322,  149,    299,  -1285,  -1959, N,  104,   61,   61,  202,  218,  241
TG, 0168, 2023071500_F204_453N_1746E_FOF, 2023071500, 03, GFSO, 288, 450N, 1611W,  14, 1021, XX,  34, NEQ, 0000, 0000, 0000, 0000, -999, -999,  100,    291,  -1432,  -1762, N,  101,   61,   91,  128,  199,  242
TG, 0173, 2023071500_F240_494N_1213E_FOF, 2023071500, 03, GFSO, 240, 494N, 1213E,  10, 1000, XX,  34, NEQ, 0000, 0000, 0000, 0000, 1003,  225,  149,   -999,  -9999,  -9999, N,  254,    6,  162,  589,  251,  534
TG, 0173, 2023071500_F240_494N_1213E_FOF, 2023071500, 03, GFSO, 252, 488N, 1213E,  13, 1000, XX,  34, NEQ, 0000, 0000, 0000, 0000, 1002,  161,   82,    -52,   -343,     63, N,  168,   17,   75,  195,  240,  318
TG, 0173, 2023071500_F240_494N_1213E_FOF, 2023071500, 03, GFSO, 264, 467N, 1231E,  12, 1002, XX,  34, NEQ, 0000, 0000, 0000, 0000, 1004,  144,  155,     25,   -523,   -829, N,  122,   42,  110,  134,  223,  334
TG, 0173, 2023071500_F240_494N_1213E_FOF, 2023071500, 03, GFSO, 276, 472N, 1244E,   8, 1001, XX,  34, NEQ, 0000, 0000, 0000, 0000, 1003,  157,  150,    135,   -482,   -932, N,   78,   28,   99,  178,  226,  314
TG, 0173, 2023071500_F240_494N_1213E_FOF, 2023071500, 03, GFSO, 288, 481N, 1254E,  12, 1002, XX,  34, NEQ, 0000, 0000, 0000, 0000, 1005,  245,  152,    124,   -263,  -1469, N,   55,   26,   85,  159,  207,  237
TG, 0173, 2023071500_F240_494N_1213E_FOF, 2023071500, 03, GFSO, 300, 483N, 1251E,   7, 1000, XX,  34, NEQ, 0000, 0000, 0000, 0000, 1002,  154,  159,      0,   -380,   -957, N,   61,   11,   83,  180,  211,  228
TG, 0173, 2023071500_F240_494N_1213E_FOF, 2023071500, 03, GFSO, 312, 503N, 1267E,  10, 1002, XX,  34, NEQ, 0000, 0000, 0000, 0000, 1003,   95,   87,     25,   -220,   -848, N,   33,   33,   74,  171,  199,  327
TG, 0173, 2023071500_F240_494N_1213E_FOF, 2023071500, 03, GFSO, 324, 505N, 1265E,   8, 1002, XX,  34, NEQ, 0000, 0000, 0000, 0000, -999, -999,  153,   -106,   -143,   -900, N,  323,    5,   69,  196,  197,  263
TG, 0174, 2023071500_F240_178N_1423E_FOF, 2023071500, 03, GFSO, 240, 178N, 1423E,  25, 1006, XX,  34, NEQ, 0000, 0000, 0000, 0000, 1009,  183,   69,   -999,  -9999,  -9999, Y,  331,   50,  169,  429,  241,  643
TG, 0174, 2023071500_F240_178N_1423E_FOF, 2023071500, 03, GFSO, 252, 204N, 1415E,  32, 1005, XX,  34, NEQ, 0000, 0000, 0000, 0000, 1008,   39,   28,    -61,    367,    229, Y,  331,   61,  243,  747,  310,  781
TG, 0174, 2023071500_F240_178N_1423E_FOF, 2023071500, 03, GFSO, 264, 234N, 1392E,  41, 1002, XX,  34, NEQ, 0058, 0000, 0000, 0000, 1007,   53,   42,    -45,    368,    684, Y,  318,   79,  395, 1211,  451, 1421
TG, 0174, 2023071500_F240_178N_1423E_FOF, 2023071500, 03, GFSO, 276, 246N, 1359E,  37, 1002, XX,  34, NEQ, 0035, 0000, 0000, 0000, 1005,   41,   24,    -33,    765,    413, Y,  290,   65,  294,  776,  321,  820
TG, 0174, 2023071500_F240_178N_1423E_FOF, 2023071500, 03, GFSO, 288, 243N, 1343E,  31, 1000, XX,  34, NEQ, 0000, 0000, 0000, 0000, 1008,  133,   42,     62,    628,    550, Y,  275,   36,  378,  864,  330,  635
TG, 0174, 2023071500_F240_178N_1423E_FOF, 2023071500, 03, GFSO, 300, 245N, 1330E,  42,  999, XX,  34, NEQ, 0052, 0000, 0000, 0000, 1004,   59,   40,     70,    429,    630, Y,  279,   33,  327,  725,  326,  682
TG, 0174, 2023071500_F240_178N_1423E_FOF, 2023071500, 03, GFSO, 312, 246N, 1314E,  47,  997, XX,  34, NEQ, 0073, 0072, 0000, 0000, 1003,   62,   43,     80,    463,    669, Y,  275,   38,  481,  846,  454,  863
TG, 0174, 2023071500_F240_178N_1423E_FOF, 2023071500, 03, GFSO, 324, 243N, 1294E,  50,  995, XX,  34, NEQ, 0065, 0065, 0000, 0000, 1006,  295,   35,    105,    431,    515, Y,  262,   44,  384,  811,  457,  992
TG, 0174, 2023071500_F240_178N_1423E_FOF, 2023071500, 03, GFSO, 336, 240N, 1275E,  38,  993, XX,  34, NEQ, 0055, 0000, 0000, 0038, 1002,   63,   42,    124,    644,    720, Y,  261,   39,  432,  882,  462,  861
TG, 0174, 2023071500_F240_178N_1423E_FOF, 2023071500, 03, GFSO, 348, 237N, 1255E,  50,  986, XX,  34, NEQ, 0062, 0043, 0042, 0049,  999,   59,   34,     93,    426,   1128, Y,  265,   41,  496, 1411,  509, 1412
TG, 0174, 2023071500_F240_178N_1423E_FOF, 2023071500, 03, GFSO, 360, 234N, 1237E,  55,  987, XX,  34, NEQ, 0060, 0055, 0054, 0066, 1000,   41,   31,     70,    520,    984, Y,  272,   32,  581, 1174,  610, 1184
TG, 0174, 2023071500_F240_178N_1423E_FOF, 2023071500, 03, GFSO, 372, 237N, 1216E,  35,  995, XX,  34, NEQ, 0000, 0064, 0000, 0000, 1004,  159,   62,     52,   -215,    302, Y,  283,   38,  233, 1361,  303, 1143
TG, 0174, 2023071500_F240_178N_1423E_FOF, 2023071500, 03, GFSO, 384, 246N, 1205E,  38,  997, XX,  34, NEQ, 0083, 0000, 0000, 0000, 1001,   63,   77,     57,    -97,    304, Y, -999, -999,  370, 1048,  470,  716
TG, 0175, 2023071500_F240_499N_1643E_FOF, 2023071500, 03, GFSO, 240, 499N, 1643E,  22, 1007, XX,  34, NEQ, 0000, 0000, 0000, 0000, 1008,   68,  106,   -999,  -9999,  -9999, N,   86,   36,  138,  334,  264,  421
TG, 0175, 2023071500_F240_499N_1643E_FOF, 2023071500, 03, GFSO, 252, 499N, 1651E,  18, 1007, XX,  34, NEQ, 0000, 0000, 0000, 0000, 1009,  122,  129,     13,   -805,  -1229, N,  108,   15,  107,  213,  265,  365
TG, 0175, 2023071500_F240_499N_1643E_FOF, 2023071500, 03, GFSO, 264, 486N, 1658E,  14, 1009, XX,  34, NEQ, 0000, 0000, 0000, 0000, 1013,  262,  143,    232,   -921,  -1523, N,  139,   33,  101,  181,  198,  275
TG, 0175, 2023071500_F240_499N_1643E_FOF, 2023071500, 03, GFSO, 276, 482N, 1688E,  17, 1010, XX,  34, NEQ, 0000, 0000, 0000, 0000, 1014,  249,  153,    216,  -1076,  -1528, N,   96,   37,   71,  138,  202,  271
TG, 0175, 2023071500_F240_499N_1643E_FOF, 2023071500, 03, GFSO, 288, 488N, 1689E,  15, 1011, XX,  34, NEQ, 0000, 0000, 0000, 0000, 1013,  139,  134,      7,   -788,  -1909, N,   45,   11,   73,  137,  194,  227
TG, 0175, 2023071500_F240_499N_1643E_FOF, 2023071500, 03, GFSO, 300, 487N, 1679E,  11, 1011, XX,  34, NEQ, 0000, 0000, 0000, 0000, -999, -999,  144,   -228,   -504,  -2635, N,  250,    5,   80,  279,  212,  210
TG, 0189, 2023071500_F276_154N_1364E_FOF, 2023071500, 03, GFSO, 276, 154N, 1364E,  19, 1008, XX,  34, NEQ, 0000, 0000, 0000, 0000, 1009,   27,   26,   -999,  -9999,  -9999, N,  150,   26,  142,  408,  165,  322
TG, 0189, 2023071500_F276_154N_1364E_FOF, 2023071500, 03, GFSO, 288, 145N, 1366E,  16, 1007, XX,  34, NEQ, 0000, 0000, 0000, 0000, 1008,   22,   45,    -13,    330,   -128, N,  190,   25,  157,  463,  151,  349
TG, 0189, 2023071500_F276_154N_1364E_FOF, 2023071500, 03, GFSO, 300, 134N, 1359E,  19, 1007, XX,  34, NEQ, 0000, 0000, 0000, 0000, 1008,   20,   38,     -2,    354,    -84, N,  215,   38,  174,  509,  147,  305
TG, 0189, 2023071500_F276_154N_1364E_FOF, 2023071500, 03, GFSO, 312, 118N, 1347E,  18, 1006, XX,  34, NEQ, 0000, 0000, 0000, 0000, 1007,   34,   44,      8,    250,    -22, N,  219,   48,  168,  443,  145,  246
TG, 0189, 2023071500_F276_154N_1364E_FOF, 2023071500, 03, GFSO, 324, 103N, 1341E,  19, 1006, XX,  34, NEQ, 0000, 0000, 0000, 0000, 1007,   29,   16,      7,    286,    -39, N,  211,   44,  176,  355,  128,  196
TG, 0189, 2023071500_F276_154N_1364E_FOF, 2023071500, 03, GFSO, 336,  93N, 1336E,  18, 1005, XX,  34, NEQ, 0000, 0000, 0000, 0000, 1007,  111,   43,     23,   -256,    177, N,  223,   25,  142,  275,  107,  144
TG, 0189, 2023071500_F276_154N_1364E_FOF, 2023071500, 03, GFSO, 348,  88N, 1328E,  33, 1005, XX,  34, NEQ, 0000, 0000, 0000, 0000, -999, -999,  154,     37,   -362,     -5, Y,  267,   13,  164,  527,  207,  363
TG, 0190, 2023071500_F276_406N_1555E_FOF, 2023071500, 03, GFSO, 276, 406N, 1555E,  19, 1010, XX,  34, NEQ, 0000, 0000, 0000, 0000, 1013,  234,   98,   -999,  -9999,  -9999, N,   99,   73,  102,  241,  212,  357
TG, 0190, 2023071500_F276_406N_1555E_FOF, 2023071500, 03, GFSO, 288, 403N, 1612E,  23, 1008, XX,  34, NEQ, 0000, 0000, 0000, 0000, 1014,  323,   78,    228,   -504,  -1763, N,   91,   96,  107,  346,  249,  440
TG, 0190, 2023071500_F276_406N_1555E_FOF, 2023071500, 03, GFSO, 300, 406N, 1661E,  23, 1008, XX,  34, NEQ, 0000, 0000, 0000, 0000, -999, -999,   68,    270,  -1202,  -1915, N,   79,   97,  197,  356,  294,  513
TG, 0197, 2023071500_F300_330N_1186E_FOF, 2023071500, 03, GFSO, 300, 330N, 1186E,  24, 1002, XX,  34, NEQ, 0000, 0000, 0000, 0000, 1003,   70,  123,   -999,  -9999,  -9999, N,    5,   65,  110,  197,  181,  476
TG, 0197, 2023071500_F300_330N_1186E_FOF, 2023071500, 03, GFSO, 312, 357N, 1206E,  29, 1000, XX,  34, NEQ, 0000, 0000, 0000, 0000, 1005,   65,   48,     20,    100,   -585, Y,   45,   70,  141,  865,  330,  958
TG, 0197, 2023071500_F300_330N_1186E_FOF, 2023071500, 03, GFSO, 324, 377N, 1250E,  27, 1004, XX,  34, NEQ, 0000, 0000, 0000, 0000, 1005,   23,   47,     38,   -182,  -1226, Y,   71,   77,  131,  504,  193,  363
TG, 0197, 2023071500_F300_330N_1186E_FOF, 2023071500, 03, GFSO, 336, 385N, 1306E,  22, 1005, XX,  34, NEQ, 0000, 0000, 0000, 0000, 1006,   83,   63,     53,   -339,  -1231, N,   87,   89,  116,  199,  202,  426
TG, 0197, 2023071500_F300_330N_1186E_FOF, 2023071500, 03, GFSO, 348, 390N, 1342E,  18, 1005, XX,  34, NEQ, 0000, 0000, 0000, 0000, 1006,   60,  124,    105,   -660,  -1660, N,   94,   66,  106,  193,  166,  324
TG, 0197, 2023071500_F300_330N_1186E_FOF, 2023071500, 03, GFSO, 360, 386N, 1376E,  21, 1006, XX,  34, NEQ, 0000, 0000, 0000, 0000, -999, -999,   71,    217,   -876,  -1280, N,  103,   68,  100,  179,  132,  250
TG, 0213, 2023071500_F324_462N_1407E_FOF, 2023071500, 03, GFSO, 324, 462N, 1407E,  25, 1003, XX,  34, NEQ, 0000, 0000, 0000, 0000, 1005,   80,  112,   -999,  -9999,  -9999, N,   69,   23,  162,  310,  257,  428
TG, 0213, 2023071500_F324_462N_1407E_FOF, 2023071500, 03, GFSO, 336, 457N, 1415E,  25, 1003, XX,  34, NEQ, 0000, 0000, 0000, 0000, 1006,  193,  111,    187,   -468,   -374, N,  112,   19,  141,  365,  255,  360
TG, 0213, 2023071500_F324_462N_1407E_FOF, 2023071500, 03, GFSO, 348, 458N, 1440E,  24, 1004, XX,  34, NEQ, 0000, 0000, 0000, 0000, -999, -999,  145,    272,    -54,   -155, N,   94,   28,  113,  281,  200,  340
TG, 0226, 2023071500_F348_421N_1447E_FOF, 2023071500, 03, GFSO, 348, 421N, 1447E,  20, 1003, XX,  34, NEQ, 0000, 0000, 0000, 0000, 1004,   91,  139,   -999,  -9999,  -9999, N,   93,   50,  103,  201,  205,  130
TG, 0226, 2023071500_F348_421N_1447E_FOF, 2023071500, 03, GFSO, 360, 426N, 1477E,  21, 1004, XX,  34, NEQ, 0000, 0000, 0000, 0000, 1005,   81,  156,    124,   -549,   -470, N,   81,   47,   85,  236,  169,  127
TG, 0226, 2023071500_F348_421N_1447E_FOF, 2023071500, 03, GFSO, 372, 419N, 1483E,  14, 1004, XX,  34, NEQ, 0000, 0000, 0000, 0000, 1005,   89,  136,    110,   -677,   -755, N,  107,   26,   80,  195,  175,  143
TG, 0226, 2023071500_F348_421N_1447E_FOF, 2023071500, 03, GFSO, 384, 423N, 1493E,  17, 1006, XX,  34, NEQ, 0000, 0000, 0000, 0000, -999, -999,  137,    169,  -1413,   -791, N, -999, -999,   48,  185,  127,  179
TG, 0228, 2023071500_F348_068N_1303E_FOF, 2023071500, 03, GFSO, 348,  68N, 1303E,  33, 1005, XX,  34, NEQ, 0000, 0000, 0000, 0000, 1007,   34,   45,   -999,  -9999,  -9999, Y,   93,   41,  167,  423,  186,  822
TG, 0228, 2023071500_F348_068N_1303E_FOF, 2023071500, 03, GFSO, 360,  87N, 1323E,  33, 1005, XX,  34, NEQ, 0000, 0000, 0000, 0000, 1007,   93,  104,    -42,   -380,    196, Y,   42,   51,  144,  412,  136,  456
TG, 0228, 2023071500_F348_068N_1303E_FOF, 2023071500, 03, GFSO, 372,  97N, 1331E,  30, 1004, XX,  34, NEQ, 0000, 0000, 0000, 0000, 1006,   74,   56,    -43,    337,     40, N,   46,   31,  265,  595,  197,  395
TG, 0228, 2023071500_F348_068N_1303E_FOF, 2023071500, 03, GFSO, 384, 104N, 1342E,  29, 1005, XX,  34, NEQ, 0000, 0000, 0000, 0000, 1007,  123,   93,    -28,     40,    193, Y, -999, -999,  205,  418,  163,  394
TG, 0230, 2023071500_F348_115N_1261E_FOF, 2023071500, 03, GFSO, 348, 115N, 1261E,  19, 1006, XX,  34, NEQ, 0000, 0000, 0000, 0000, 1007,    0,  157,   -999,  -9999,  -9999, Y,  191,   46,   63,  384,   74,  348
TG, 0230, 2023071500_F348_115N_1261E_FOF, 2023071500, 03, GFSO, 360,  99N, 1246E,  21, 1007, XX,  34, NEQ, 0000, 0000, 0000, 0000, 1008,   15,  114,     31,    -13,    223, N,  203,   34,  124,  205,  175,  489
TG, 0230, 2023071500_F348_115N_1261E_FOF, 2023071500, 03, GFSO, 372, 106N, 1238E,  23, 1008, XX,  34, NEQ, 0000, 0000, 0000, 0000, -999, -999,  133,    120,    101,     69, N,  328,    8,  125,  375,  209,  514
TG, 0234, 2023071500_F360_467N_1146E_FOF, 2023071500, 03, GFSO, 360, 467N, 1146E,  20,  999, XX,  34, NEQ, 0000, 0000, 0000, 0000, 1001,  137,   76,   -999,  -9999,  -9999, N,   85,   64,  191,  311,  281,  413
TG, 0234, 2023071500_F360_467N_1146E_FOF, 2023071500, 03, GFSO, 372, 484N, 1180E,  21,  996, XX,  34, NEQ, 0000, 0000, 0000, 0000, 1001,   83,   68,    409,  -1526,  -1155, Y,   71,   58,  316,  652,  265,  382
TG, 0234, 2023071500_F360_467N_1146E_FOF, 2023071500, 03, GFSO, 384, 497N, 1184E,  16, 1000, XX,  34, NEQ, 0000, 0000, 0000, 0000, 1002,   87,   70,    158,   -651,  -1163, N, -999, -999,  209,  422,  297,  477
TG, 0235, 2023071500_F360_119N_1510E_FOF, 2023071500, 03, GFSO, 360, 119N, 1510E,  29, 1002, XX,  34, NEQ, 0000, 0000, 0000, 0000, 1004,   42,   65,   -999,  -9999,  -9999, Y,    4,   38,  297,  864,  254,  626
TG, 0235, 2023071500_F360_119N_1510E_FOF, 2023071500, 03, GFSO, 372, 134N, 1505E,  35, 1001, XX,  34, NEQ, 0089, 0122, 0000, 0000, 1004,   44,  122,   -119,    680,    275, Y,  329,   37,  336, 1057,  274,  713
TG, 0235, 2023071500_F360_119N_1510E_FOF, 2023071500, 03, GFSO, 384, 142N, 1505E,  38, 1001, XX,  34, NEQ, 0082, 0000, 0000, 0044, 1003,   66,   54,    -74,     72,    368, Y, -999, -999,  370,  915,  369,  797
TG, 0237, 2023071500_F360_393N_1511E_FOF, 2023071500, 03, GFSO, 360, 393N, 1511E,  20, 1004, XX,  34, NEQ, 0000, 0000, 0000, 0000, 1005,   32,   27,   -999,  -9999,  -9999, N,   67,   69,   75,  620,  200,  526
TG, 0237, 2023071500_F360_393N_1511E_FOF, 2023071500, 03, GFSO, 372, 407N, 1541E,  25, 1003, XX,  34, NEQ, 0000, 0000, 0000, 0000, 1005,   96,  153,    180,   -395,   -541, N,   60,   76,  213,  415,  321,  554
TG, 0237, 2023071500_F360_393N_1511E_FOF, 2023071500, 03, GFSO, 384, 439N, 1578E,  29, 1001, XX,  34, NEQ, 0000, 0000, 0000, 0000, 1008,  226,  115,    327,   -458,   -627, N, -999, -999,  220,  454,  296,  480
WP,  04W, 2023071500_F000_181N_1170E_04W, 2023071500, 03, GFSO, 000, 177N, 1180E,  49,  989, XX,  34, NEQ, 0038, 0082, 0104, 0045,  990,    0,   36,   -999,  -9999,  -9999, Y,  312,   26,  446, 1504,  445, 1366
WP,  04W, 2023071500_F000_181N_1170E_04W, 2023071500, 03, GFSO, 006, 182N, 1180E,  49,  985, XX,  34, NEQ, 0092, 0109, 0134, 0000,  993,   79,   36,     69,    282,    624, Y,    8,   23,  549, 1075,  500, 1056
WP,  04W, 2023071500_F000_181N_1170E_04W, 2023071500, 03, GFSO, 012, 184N, 1172E,  50,  981, XX,  34, NEQ, 0103, 0137, 0145, 0074,  993,   62,   46,    190,    908,    918, Y,  295,   21,  577, 1419,  558, 1261
WP,  04W, 2023071500_F000_181N_1170E_04W, 2023071500, 03, GFSO, 018, 186N, 1165E,  53,  974, XX,  34, NEQ, 0090, 0128, 0169, 0085,  981,   28,   45,    164,   1114,   1243, Y,  297,   17,  636, 1504,  653, 1484
WP,  04W, 2023071500_F000_181N_1170E_04W, 2023071500, 03, GFSO, 024, 186N, 1161E,  62,  969, XX,  34, NEQ, 0120, 0138, 0182, 0085,  982,   41,   21,    103,   1425,   1402, Y,  321,   10,  783, 1754,  746, 1627
WP,  04W, 2023071500_F000_181N_1170E_04W, 2023071500, 03, GFSO, 030, 190N, 1157E,  61,  963, XX,  34, NEQ, 0106, 0143, 0157, 0090,  984,   41,   44,     51,    773,   1488, Y,  342,   22,  846, 2223,  793, 2100
WP,  04W, 2023071500_F000_181N_1170E_04W, 2023071500, 03, GFSO, 036, 193N, 1150E,  77,  959, XX,  34, NEQ, 0119, 0130, 0153, 0106,  982,   30,   27,     80,    838,   1495, Y,  305,   26,  974, 2318,  975, 2432
WP,  04W, 2023071500_F000_181N_1170E_04W, 2023071500, 03, GFSO, 042, 197N, 1144E,  88,  946, XX,  34, NEQ, 0119, 0134, 0133, 0112,  977,   41,   20,     44,   1314,   1952, Y,  322,   29, 1016, 3147,  965, 2651
WP,  04W, 2023071500_F000_181N_1170E_04W, 2023071500, 03, GFSO, 048, 203N, 1137E,  93,  947, XX,  34, NEQ, 0130, 0152, 0110, 0104,  980,   56,   25,     -7,   1151,   1657, Y,  320,   38, 1183, 2596, 1129, 2479
WP,  04W, 2023071500_F000_181N_1170E_04W, 2023071500, 03, GFSO, 054, 209N, 1127E,  96,  937, XX,  34, NEQ, 0110, 0112, 0114, 0095,  987,   79,   20,     18,   1320,   1989, Y,  308,   39, 1160, 2944, 1193, 3088
WP,  04W, 2023071500_F000_181N_1170E_04W, 2023071500, 03, GFSO, 060, 214N, 1117E,  82,  949, XX,  34, NEQ, 0104, 0114, 0091, 0066,  983,   60,   24,    -10,    789,   1404, Y,  295,   40, 1108, 2959, 1076, 2849
WP,  04W, 2023071500_F000_181N_1170E_04W, 2023071500, 03, GFSO, 066, 219N, 1107E,  51,  963, XX,  34, NEQ, 0043, 0087, 0085, 0061,  984,   41,   31,    -15,    764,   1291, Y,  302,   43,  887, 2885,  897, 2259
WP,  04W, 2023071500_F000_181N_1170E_04W, 2023071500, 03, GFSO, 072, 225N, 1097E,  34,  977, XX,  34, NEQ, 0000, 0000, 0074, 0000,  992,   59,   74,      0,    466,    825, Y,  305,   45,  704, 1941,  649, 1342
WP,  04W, 2023071500_F000_181N_1170E_04W, 2023071500, 03, GFSO, 078, 232N, 1089E,  31,  987, XX,  34, NEQ, 0000, 0000, 0000, 0000,  997,  120,   18,    -13,     55,    502, Y,  311,   44,  455,  846,  532, 1020
WP,  04W, 2023071500_F000_181N_1170E_04W, 2023071500, 03, GFSO, 084, 237N, 1079E,  17,  994, XX,  34, NEQ, 0000, 0000, 0000, 0000,  997,   41,  160,    -62,   -122,    178, N,  294,   38,  335,  639,  399,  625
WP,  04W, 2023071500_F000_181N_1170E_04W, 2023071500, 03, GFSO, 090, 239N, 1072E,  15,  999, XX,  34, NEQ, 0000, 0000, 0000, 0000, 1001,   48,  130,    -66,    107,      8, Y,  298,   33,  241,  898,  289,  339
WP,  04W, 2023071500_F000_181N_1170E_04W, 2023071500, 03, GFSO, 096, 248N, 1064E,  11, 1003, XX,  34, NEQ, 0000, 0000, 0000, 0000, -999, -999,   77,     39,    111,   -198, Y,  312,   41,  134,  327,  238,  310
WP,  04W, 2023071500_F000_181N_1170E_04W, 2023071500, 03, GFSO, 102, 243N, 1067E,  10, 1003, XX,  34, NEQ, 0000, 0000, 0000, 0000, -999, -999,  154,    -50,    254,    -54, Y,  150,    2,   60,  109,  169,  219
